日期,股票代码,名称,收盘价,最高价,最低价,开盘价,前收盘,涨跌额,涨跌幅,换手率,成交量,成交金额,总市值,流通市值
2019-12-27,'002504,弘高创意,3.24,3.25,3.15,3.18,3.2,0.04,1.25,3.3806,14014414,44648661.49,3323593694.52,1343138666.04
2019-12-26,'002504,弘高创意,3.2,3.32,3.15,3.32,3.31,-0.11,-3.3233,6.347,26311276,84331485.13,3282561673.6,1326556707.2
2019-12-25,'002504,弘高创意,3.31,3.35,3.24,3.32,3.31,0.0,0.0,3.3718,13977845,45994027.79,3395399731.13,1372157094.01
2019-12-24,'002504,弘高创意,3.31,3.37,3.21,3.3,3.3,0.01,0.303,3.3591,13925273,45824148.97,3395399731.13,1372157094.01
2019-12-23,'002504,弘高创意,3.3,3.43,3.3,3.4,3.48,-0.18,-5.1724,5.2176,21629540,72514181.19,3385141725.9,1368011604.3
2019-12-20,'002504,弘高创意,3.48,3.55,3.29,3.37,3.45,0.03,0.8696,11.5884,48039770,165015211.8,3569785820.04,1442630419.08
2019-12-19,'002504,弘高创意,3.45,3.56,3.29,3.39,3.24,0.21,6.4815,14.5772,60429653,207326110.04,3539011804.35,1430193949.95
2019-12-18,'002504,弘高创意,3.24,3.28,3.15,3.17,3.17,0.07,2.2082,6.4328,26667021,85441138.95,3323593694.52,1343138666.04
2019-12-17,'002504,弘高创意,3.17,3.23,3.08,3.15,3.14,0.03,0.9554,6.4697,26820001,84581831.83,3251787657.91,1314120238.07
2019-12-16,'002504,弘高创意,3.14,3.19,3.04,3.07,3.08,0.06,1.9481,4.2087,17447237,54352927.55,3221013642.22,1301683768.94
2019-12-13,'002504,弘高创意,3.08,3.1,3.02,3.04,3.03,0.05,1.6502,3.6162,14990890,45927941.24,3159465610.84,1276810830.68
2019-12-12,'002504,弘高创意,3.03,3.12,3.02,3.1,3.12,-0.09,-2.8846,5.2896,21928021,67050559.81,3108175584.69,1256083382.13
2019-12-11,'002504,弘高创意,3.12,3.24,3.12,3.16,3.29,-0.17,-5.1672,8.5159,35302764,111529810.16,3200497631.76,1293392789.52
2019-12-10,'002504,弘高创意,3.29,3.58,3.27,3.38,3.26,0.03,0.9202,16.5671,68678848,232694786.79,3374883720.67,1363866114.59
2019-12-09,'002504,弘高创意,3.26,3.26,2.98,2.99,2.96,0.3,10.1351,3.2787,13592018,43544481.12,3344109704.98,1351429645.46
2019-12-06,'002504,弘高创意,2.96,2.98,2.94,2.94,2.96,0.0,0.0,0.8298,3440115,10199900.47,3036369548.08,1227064954.16
2019-12-05,'002504,弘高创意,2.96,2.96,2.92,2.94,2.94,0.02,0.6803,1.1688,4845174,14258946.56,3036369548.08,1227064954.16
2019-12-04,'002504,弘高创意,2.94,2.94,2.85,2.88,2.88,0.06,2.0833,1.2059,4998997,14500081.02,3015853537.62,1218773974.74
2019-12-03,'002504,弘高创意,2.88,2.88,2.83,2.84,2.86,0.02,0.6993,0.7766,3219341,9214614.49,2954305506.24,1193901036.48
2019-12-02,'002504,弘高创意,2.86,2.87,2.84,2.86,2.85,0.01,0.3509,0.7195,2982756,8517062.6,2933789495.78,1185610057.06
2019-11-29,'002504,弘高创意,2.85,2.86,2.82,2.84,2.84,0.01,0.3521,0.7358,3050303,8672966.04,2923531490.55,1181464567.35
2019-11-28,'002504,弘高创意,2.84,2.88,2.83,2.87,2.86,-0.02,-0.6993,0.8129,3370052,9631584.16,2913273485.32,1177319077.64
2019-11-27,'002504,弘高创意,2.86,2.92,2.85,2.91,2.9,-0.04,-1.3793,0.7985,3310122,9492096.78,2933789495.78,1185610057.06
2019-11-26,'002504,弘高创意,2.9,2.92,2.87,2.9,2.9,0.0,0.0,0.7675,3181852,9206300.8,2974821516.7,1202192015.9
2019-11-25,'002504,弘高创意,2.9,2.94,2.84,2.9,2.93,-0.03,-1.0239,1.5135,6274275,18072961.97,2974821516.7,1202192015.9
2019-11-22,'002504,弘高创意,2.93,3.02,2.9,2.95,2.97,-0.04,-1.3468,1.6837,6979886,20561660.42,3005595532.39,1214628485.03
2019-11-21,'002504,弘高创意,2.97,3.08,2.96,3.02,2.96,0.01,0.3378,2.6638,11042810,33219878.29,3046627553.31,1231210443.87
2019-11-20,'002504,弘高创意,2.96,2.98,2.92,2.94,2.95,0.01,0.339,1.2124,5025800,14842687.56,3036369548.08,1227064954.16
2019-11-19,'002504,弘高创意,2.95,2.98,2.85,2.88,2.89,0.06,2.0761,1.7211,7134770,20983747.29,3026111542.85,1222919464.45
2019-11-18,'002504,弘高创意,2.89,2.89,2.81,2.86,2.88,0.01,0.3472,1.587,6578742,18795808.55,2964563511.47,1198046526.19
2019-11-15,'002504,弘高创意,2.88,3.01,2.81,2.82,2.83,0.05,1.7668,2.6685,11062300,32101615.48,2954305506.24,1193901036.48
2019-11-14,'002504,弘高创意,2.83,2.84,2.81,2.83,2.82,0.01,0.3546,0.9894,4101379,11599323.35,2903015480.09,1173173587.93
2019-11-13,'002504,弘高创意,2.82,2.84,2.8,2.84,2.85,-0.03,-1.0526,0.825,3420086,9634828.66,2892757474.86,1169028098.22
2019-11-12,'002504,弘高创意,2.85,2.88,2.8,2.82,2.82,0.03,1.0638,1.1428,4737385,13424425.69,2923531490.55,1181464567.35
2019-11-11,'002504,弘高创意,2.82,2.95,2.8,2.93,2.93,-0.11,-3.7543,1.4232,5899705,16867408.1,2892757474.86,1169028098.22
2019-11-08,'002504,弘高创意,2.93,2.96,2.9,2.94,2.93,0.0,0.0,1.934,8017243,23459614.01,3005595532.39,1214628485.03
2019-11-07,'002504,弘高创意,2.93,2.95,2.92,2.95,2.95,-0.02,-0.678,1.0711,4440400,13022843.0,3005595532.39,1214628485.03
2019-11-06,'002504,弘高创意,2.95,2.98,2.93,2.95,2.95,0.0,0.0,0.9708,4024600,11872264.0,3026111542.85,1222919464.45
2019-11-05,'002504,弘高创意,2.95,2.97,2.92,2.97,2.96,-0.01,-0.3378,0.989,4099963,12098345.68,3026111542.85,1222919464.45
2019-11-04,'002504,弘高创意,2.96,3.02,2.95,3.02,3.01,-0.05,-1.6611,2.1457,8895000,26462056.0,3036369548.08,1227064954.16
2019-11-01,'002504,弘高创意,3.01,3.04,2.95,3.02,3.0,0.01,0.3333,1.4962,6202304,18598566.92,3087659574.23,1247792402.71
2019-10-31,'002504,弘高创意,3.0,3.07,2.99,3.03,3.03,-0.03,-0.9901,1.5049,6238480,18786848.2,3077401569.0,1243646913.0
2019-10-30,'002504,弘高创意,3.03,3.14,3.02,3.07,3.07,-0.04,-1.3029,2.1376,8861300,27119752.0,3108175584.69,1256083382.13
2019-10-29,'002504,弘高创意,3.07,3.13,3.03,3.09,3.09,-0.02,-0.6472,2.1597,8952811,27453900.8,3149207605.61,1272665340.97
2019-10-28,'002504,弘高创意,3.09,3.11,3.02,3.02,3.05,0.04,1.3115,2.8714,11903413,36443375.13,3169723616.07,1280956320.39
2019-10-25,'002504,弘高创意,3.05,3.07,2.95,3.0,3.0,0.05,1.6667,2.9246,12123984,36483903.57,3128691595.15,1264374361.55
2019-10-24,'002504,弘高创意,3.0,3.08,2.99,3.05,3.12,-0.12,-3.8462,3.6927,15308100,46159971.0,3077401569.0,1243646913.0
2019-10-23,'002504,弘高创意,3.12,3.25,3.02,3.06,3.07,0.05,1.6287,4.9686,20597205,64244823.95,3200497631.76,1293392789.52
2019-10-22,'002504,弘高创意,3.07,3.12,3.02,3.03,3.04,0.03,0.9868,2.2705,9412177,28863263.85,3149207605.61,1272665340.97
2019-10-21,'002504,弘高创意,3.04,3.08,2.98,3.05,3.06,-0.02,-0.6536,2.609,10815701,32743234.9,3118433589.92,1260228871.84
2019-10-18,'002504,弘高创意,3.06,3.21,3.06,3.2,3.2,-0.14,-4.375,3.902,16175848,50485872.28,3138949600.38,1268519851.26
2019-10-17,'002504,弘高创意,3.2,3.24,3.18,3.22,3.2,0.0,0.0,2.6769,11096982,35597364.48,3282561673.6,1326556707.2
2019-10-16,'002504,弘高创意,3.2,3.27,3.18,3.24,3.26,-0.06,-1.8405,3.106,12875999,41466943.82,3282561673.6,1326556707.2
2019-10-15,'002504,弘高创意,3.26,3.29,3.18,3.28,3.28,-0.02,-0.6098,5.0886,21094853,68004624.22,3344109704.98,1351429645.46
2019-10-14,'002504,弘高创意,3.28,3.34,3.26,3.32,3.29,-0.01,-0.304,6.1772,25607680,84296031.8,3364625715.44,1359720624.88
2019-10-11,'002504,弘高创意,3.29,3.41,3.27,3.37,3.44,-0.15,-4.3605,9.9425,41216454,136924275.26,3374883720.67,1363866114.59
2019-10-10,'002504,弘高创意,3.44,3.62,3.42,3.5,3.8,-0.36,-9.4737,16.74,69395433,241765142.6,3528753799.12,1426048460.24
2019-10-09,'002504,弘高创意,3.8,4.12,3.46,3.85,3.84,-0.04,-1.0417,22.7902,94476602,351612684.75,3898041987.4,1575286089.8
2019-10-08,'002504,弘高创意,3.84,3.84,3.52,3.61,3.49,0.35,10.0287,5.7714,23925388,89756349.63,3939074008.32,1591868048.64
2019-09-30,'002504,弘高创意,3.49,3.49,3.27,3.3,3.17,0.32,10.0946,9.2042,38155874,131830926.24,3580043825.27,1446775908.79
2019-09-27,'002504,弘高创意,3.17,3.17,2.87,2.87,2.88,0.29,10.0694,4.7863,19841744,62805298.36,3251787657.91,1314120238.07
2019-09-26,'002504,弘高创意,2.88,2.95,2.88,2.95,2.92,-0.04,-1.3699,1.2979,5380358,15617280.36,2954305506.24,1193901036.48
2019-09-25,'002504,弘高创意,2.92,3.0,2.92,3.0,3.0,-0.08,-2.6667,1.1193,4639898,13685274.12,2995337527.16,1210482995.32
2019-09-24,'002504,弘高创意,3.0,3.03,3.0,3.01,3.01,-0.01,-0.3322,0.8306,3443185,10376979.22,3077401569.0,1243646913.0
2019-09-23,'002504,弘高创意,3.01,3.08,3.0,3.06,3.07,-0.06,-1.9544,0.9797,4061232,12259496.44,3087659574.23,1247792402.71
2019-09-20,'002504,弘高创意,3.07,3.1,3.03,3.03,3.04,0.03,0.9868,1.2215,5063566,15581096.66,3149207605.61,1272665340.97
2019-09-19,'002504,弘高创意,3.04,3.05,2.96,3.02,3.02,0.02,0.6623,1.1034,4574223,13760538.9,3118433589.92,1260228871.84
2019-09-18,'002504,弘高创意,3.02,3.04,3.01,3.02,3.02,0.0,0.0,0.7749,3212343,9716631.86,3097917579.46,1251937892.42
2019-09-17,'002504,弘高创意,3.02,3.14,3.01,3.12,3.14,-0.12,-3.8217,1.6659,6905899,21135263.49,3097917579.46,1251937892.42
2019-09-16,'002504,弘高创意,3.14,3.17,3.12,3.13,3.13,0.01,0.3195,0.9211,3818301,12015828.62,3221013642.22,1301683768.94
2019-09-12,'002504,弘高创意,3.13,3.17,3.1,3.16,3.15,-0.02,-0.6349,1.5532,6438937,20140140.79,3210755636.99,1297538279.23
2019-09-11,'002504,弘高创意,3.15,3.23,3.15,3.23,3.23,-0.08,-2.4768,1.7746,7356431,23460678.65,3231271647.45,1305829258.65
2019-09-10,'002504,弘高创意,3.23,3.23,3.18,3.21,3.23,0.0,0.0,1.7152,7110290,22779197.62,3313335689.29,1338993176.33
2019-09-09,'002504,弘高创意,3.23,3.23,3.17,3.23,3.21,0.02,0.6231,1.6331,6770133,21693354.16,3313335689.29,1338993176.33
2019-09-06,'002504,弘高创意,3.21,3.24,3.15,3.23,3.22,-0.01,-0.3106,1.9134,7932131,25425381.59,3292819678.83,1330702196.91
2019-09-05,'002504,弘高创意,3.22,3.27,3.18,3.23,3.2,0.02,0.625,2.7654,11464056,37031215.92,3303077684.06,1334847686.62
2019-09-04,'002504,弘高创意,3.2,3.24,3.16,3.18,3.21,-0.01,-0.3115,2.1095,8745092,27990346.56,3282561673.6,1326556707.2
2019-09-03,'002504,弘高创意,3.21,3.24,3.15,3.18,3.18,0.03,0.9434,2.5649,10632655,33920808.42,3292819678.83,1330702196.91
2019-09-02,'002504,弘高创意,3.18,3.22,3.09,3.12,3.1,0.08,2.5806,2.3565,9768712,30872433.15,3262045663.14,1318265727.78
2019-08-30,'002504,弘高创意,3.1,3.14,3.06,3.13,3.12,-0.02,-0.641,1.5382,6376486,19733062.18,3179981621.3,1285101810.1
2019-08-29,'002504,弘高创意,3.12,3.2,3.1,3.2,3.21,-0.09,-2.8037,2.4892,10319012,32360575.13,3200497631.76,1293392789.52
2019-08-28,'002504,弘高创意,3.21,3.42,3.01,3.1,3.17,0.04,1.2618,3.8203,15836811,51044689.95,3292819678.83,1330702196.91
2019-08-27,'002504,弘高创意,3.17,3.2,3.14,3.16,3.16,0.01,0.3165,2.4314,10079300,31901319.14,3251787657.91,1314120238.07
2019-08-26,'002504,弘高创意,3.16,3.17,3.07,3.1,3.22,-0.06,-1.8634,1.9186,7953374,24743119.04,3241529652.68,1309974748.36
2019-08-23,'002504,弘高创意,3.22,3.45,3.12,3.16,3.18,0.04,1.2579,3.0986,12845248,41578229.38,3303077684.06,1334847686.62
2019-08-22,'002504,弘高创意,3.18,3.23,3.09,3.14,3.13,0.05,1.5974,2.247,9314838,29342146.59,3262045663.14,1318265727.78
2019-08-21,'002504,弘高创意,3.13,3.13,3.07,3.09,3.13,0.0,0.0,1.4907,6179645,19140239.46,3210755636.99,1297538279.23
2019-08-20,'002504,弘高创意,3.13,3.24,3.09,3.1,3.12,0.01,0.3205,2.2546,9346303,29424279.64,3210755636.99,1297538279.23
2019-08-19,'002504,弘高创意,3.12,3.13,3.05,3.06,3.08,0.04,1.2987,2.2415,9291981,28741719.98,3200497631.76,1293392789.52
2019-08-16,'002504,弘高创意,3.08,3.16,3.03,3.16,3.2,-0.12,-3.75,3.6048,14943755,45974064.95,3159465610.84,1276810830.68
2019-08-15,'002504,弘高创意,3.2,3.26,2.85,2.9,2.96,0.24,8.1081,4.8178,19971994,62134381.03,3282561673.6,1326556707.2
2019-08-14,'002504,弘高创意,2.96,2.98,2.93,2.95,2.91,0.05,1.7182,1.3292,5510271,16340971.45,3036369548.08,1227064954.16
2019-08-13,'002504,弘高创意,2.91,2.95,2.87,2.9,2.91,0.0,0.0,1.1228,4654365,13596553.28,2985079521.93,1206337505.61
2019-08-12,'002504,弘高创意,2.91,2.92,2.88,2.88,2.91,0.0,0.0,0.8141,3375015,9753817.2,2985079521.93,1206337505.61
2019-08-09,'002504,弘高创意,2.91,2.96,2.89,2.9,2.9,0.01,0.3448,0.8793,3645200,10656647.0,2985079521.93,1206337505.61
2019-08-08,'002504,弘高创意,2.9,2.91,2.88,2.91,2.88,0.02,0.6944,0.7254,3007339,8712036.71,2974821516.7,1202192015.9
2019-08-07,'002504,弘高创意,2.88,2.93,2.86,2.93,2.89,-0.01,-0.346,0.7113,2948713,8509003.31,2954305506.24,1193901036.48
2019-08-06,'002504,弘高创意,2.89,3.0,2.83,3.0,3.03,-0.14,-4.6205,1.3854,5742955,16600710.25,2964563511.47,1198046526.19
2019-08-05,'002504,弘高创意,3.03,3.07,2.98,3.01,3.02,0.01,0.3311,0.749,3104820,9410876.75,3108175584.69,1256083382.13
2019-08-02,'002504,弘高创意,3.02,3.09,3.0,3.09,3.12,-0.1,-3.2051,1.1493,4764306,14423160.03,3097917579.46,1251937892.42
2019-08-01,'002504,弘高创意,3.12,3.16,3.11,3.12,3.15,-0.03,-0.9524,0.7198,2983969,9327937.28,3200497631.76,1293392789.52
2019-07-31,'002504,弘高创意,3.15,3.17,3.12,3.17,3.17,-0.02,-0.6309,0.935,3876079,12150940.79,3231271647.45,1305829258.65
2019-07-30,'002504,弘高创意,3.17,3.19,3.14,3.14,3.14,0.03,0.9554,0.8195,3397377,10771882.32,3251787657.91,1314120238.07
2019-07-29,'002504,弘高创意,3.14,3.19,3.11,3.18,3.17,-0.03,-0.9464,0.8332,3454157,10827988.83,3221013642.22,1301683768.94
2019-07-26,'002504,弘高创意,3.17,3.21,3.15,3.2,3.21,-0.04,-1.2461,1.0071,4174893,13227632.7,3251787657.91,1314120238.07
2019-07-25,'002504,弘高创意,3.21,3.25,3.18,3.23,3.22,-0.01,-0.3106,0.9929,4115857,13184673.83,3292819678.83,1330702196.91
2019-07-24,'002504,弘高创意,3.22,3.26,3.16,3.18,3.18,0.04,1.2579,1.6772,6952974,22383361.76,3303077684.06,1334847686.62
2019-07-23,'002504,弘高创意,3.18,3.2,3.06,3.06,3.05,0.13,4.2623,2.1224,8798444,27652602.9,3262045663.14,1318265727.78
2019-07-22,'002504,弘高创意,3.05,3.23,3.04,3.23,3.18,-0.13,-4.0881,1.3534,5610631,17342606.28,3128691595.15,1264374361.55
2019-07-19,'002504,弘高创意,3.18,3.22,3.15,3.15,3.15,0.03,0.9524,0.9522,3947413,12593723.22,3262045663.14,1318265727.78
2019-07-18,'002504,弘高创意,3.15,3.2,3.11,3.2,3.23,-0.08,-2.4768,1.3804,5722500,18031851.81,3231271647.45,1305829258.65
2019-07-17,'002504,弘高创意,3.23,3.35,3.21,3.3,3.34,-0.11,-3.2934,2.3559,9766231,31796860.63,3313335689.29,1338993176.33
2019-07-16,'002504,弘高创意,3.34,3.45,3.15,3.15,3.15,0.19,6.0317,3.207,13294580,43606872.01,3426173746.82,1384593563.14
2019-07-15,'002504,弘高创意,3.15,3.3,3.01,3.3,3.34,-0.19,-5.6886,2.4459,10139440,31910400.83,3231271647.45,1305829258.65
2019-07-12,'002504,弘高创意,3.34,3.34,3.3,3.34,3.32,0.02,0.6024,1.1757,4874050,16222817.63,3426173746.82,1384593563.14
2019-07-11,'002504,弘高创意,3.32,3.35,3.31,3.33,3.31,0.01,0.3021,1.0138,4202848,13980184.99,3405657736.36,1376302583.72
2019-07-10,'002504,弘高创意,3.31,3.36,3.29,3.35,3.35,-0.04,-1.194,1.0026,4156366,13765929.46,3395399731.13,1372157094.01
2019-07-09,'002504,弘高创意,3.35,3.38,3.32,3.38,3.38,-0.03,-0.8876,1.454,6027584,20089684.11,3436431752.05,1388739052.85
2019-07-08,'002504,弘高创意,3.38,3.48,3.32,3.48,3.48,-0.1,-2.8736,1.8518,7676721,25899455.97,3467205767.74,1401175521.98
2019-07-05,'002504,弘高创意,3.48,3.48,3.43,3.47,3.47,0.01,0.2882,1.1088,4596462,15866170.53,3569785820.04,1442630419.08
2019-07-04,'002504,弘高创意,3.47,3.51,3.44,3.5,3.47,0.0,0.0,1.2668,5251567,18199002.69,3559527814.81,1438484929.37
2019-07-03,'002504,弘高创意,3.47,3.54,3.46,3.53,3.54,-0.07,-1.9774,1.3541,5613524,19590493.26,3559527814.81,1438484929.37
2019-07-02,'002504,弘高创意,3.54,3.61,3.53,3.6,3.59,-0.05,-1.3928,1.6933,7019562,24928812.66,3631333851.42,1467503357.34
2019-07-01,'002504,弘高创意,3.59,3.61,3.51,3.58,3.52,0.07,1.9886,2.749,11396014,40616883.33,3682623877.57,1488230805.89
2019-06-28,'002504,弘高创意,3.52,3.62,3.34,3.62,3.6,-0.08,-2.2222,3.8844,16102759,55973059.17,3610817840.96,1459212377.92
2019-06-27,'002504,弘高创意,3.6,3.7,3.57,3.69,3.69,-0.09,-2.439,3.0366,12588306,45861842.2,3692881882.8,1492376295.6
2019-06-26,'002504,弘高创意,3.69,3.74,3.66,3.72,3.73,-0.04,-1.0724,1.6797,6963022,25697198.64,3785203929.87,1529685702.99
2019-06-25,'002504,弘高创意,3.73,3.83,3.65,3.83,3.83,-0.1,-2.611,1.7081,7080767,26382412.49,3826235950.79,1546267661.83
2019-06-24,'002504,弘高创意,3.83,3.89,3.8,3.82,3.84,-0.01,-0.2604,1.2664,5249846,20094505.3,3928816003.09,1587722558.93
2019-06-21,'002504,弘高创意,3.84,3.89,3.81,3.83,3.79,0.05,1.3193,2.0505,8500417,32740788.56,3939074008.32,1591868048.64
2019-06-20,'002504,弘高创意,3.79,3.81,3.72,3.73,3.74,0.05,1.3369,1.3136,5445474,20572501.76,3887783982.17,1571140600.09
2019-06-19,'002504,弘高创意,3.74,3.82,3.74,3.77,3.71,0.03,0.8086,1.2481,5174172,19509109.95,3836493956.02,1550413151.54
2019-06-18,'002504,弘高创意,3.71,3.72,3.64,3.7,3.68,0.03,0.8152,0.9668,4007677,14762803.71,3805719940.33,1537976682.41
2019-06-17,'002504,弘高创意,3.68,3.74,3.66,3.69,3.7,-0.02,-0.5405,0.883,3660618,13530468.78,3774945924.64,1525540213.28
2019-06-14,'002504,弘高创意,3.7,3.88,3.68,3.8,3.8,-0.1,-2.6316,1.7876,7410389,27959739.5,3795461935.1,1533831192.7
2019-06-13,'002504,弘高创意,3.8,3.94,3.68,3.72,3.7,0.1,2.7027,2.8133,11662362,44406923.06,3898041987.4,1575286089.8
2019-06-12,'002504,弘高创意,3.7,3.79,3.7,3.74,3.74,-0.04,-1.0695,1.5785,6543794,24446320.41,3795461935.1,1533831192.7
2019-06-11,'002504,弘高创意,3.74,3.75,3.56,3.6,3.6,0.14,3.8889,2.3516,9748366,35921812.78,3836493956.02,1550413151.54
2019-06-10,'002504,弘高创意,3.6,3.63,3.52,3.58,3.56,0.04,1.1236,1.1919,4941148,17652094.53,3692881882.8,1492376295.6
2019-06-06,'002504,弘高创意,3.56,3.69,3.54,3.69,3.67,-0.11,-2.9973,1.4894,6174135,22197720.5,3651849861.88,1475794336.76
2019-06-05,'002504,弘高创意,3.67,3.76,3.65,3.65,3.63,0.04,1.1019,1.9538,8099380,29937479.59,3764687919.41,1521394723.57
2019-06-04,'002504,弘高创意,3.63,3.76,3.59,3.74,3.74,-0.11,-2.9412,2.0926,8674673,31586384.64,3723655898.49,1504812764.73
2019-06-03,'002504,弘高创意,3.74,3.9,3.71,3.77,3.78,-0.04,-1.0582,1.6803,6965858,26282050.5,3836493956.02,1550413151.54
2019-05-31,'002504,弘高创意,3.78,3.9,3.77,3.84,3.84,-0.06,-1.5625,1.9146,7936878,30488169.4,3877525976.94,1566995110.38
2019-05-30,'002504,弘高创意,3.84,3.92,3.81,3.89,3.91,-0.07,-1.7903,1.8072,7491616,28776684.05,3939074008.32,1591868048.64
2019-05-29,'002504,弘高创意,3.91,3.98,3.89,3.91,3.95,-0.04,-1.0127,2.2176,9193087,36117552.79,4010880044.93,1620886476.61
2019-05-28,'002504,弘高创意,3.95,4.06,3.88,3.9,3.92,0.03,0.7653,3.8389,15914117,63452395.88,4051912065.85,1637468435.45
2019-05-27,'002504,弘高创意,3.92,4.0,3.72,3.78,3.82,0.1,2.6178,3.2809,13600960,52679169.86,4021138050.16,1625031966.32
2019-05-24,'002504,弘高创意,3.82,3.9,3.73,3.73,3.78,0.04,1.0582,2.9759,12336643,47194684.11,3918557997.86,1583577069.22
2019-05-23,'002504,弘高创意,3.78,3.8,3.64,3.7,3.73,0.05,1.3405,2.4863,10307052,38541070.28,3877525976.94,1566995110.38
2019-05-22,'002504,弘高创意,3.73,3.82,3.68,3.81,3.82,-0.09,-2.356,2.569,10649879,39942745.21,3826235950.79,1546267661.83
2019-05-21,'002504,弘高创意,3.82,3.9,3.66,3.73,3.74,0.08,2.139,3.3724,13980141,53375867.04,3918557997.86,1583577069.22
2019-05-20,'002504,弘高创意,3.74,3.74,3.52,3.65,3.73,0.01,0.2681,3.5294,14631123,52973408.34,3836493956.02,1550413151.54
2019-05-17,'002504,弘高创意,3.73,3.94,3.63,3.89,3.96,-0.23,-5.8081,4.7265,19593648,74430748.89,3826235950.79,1546267661.83
2019-05-16,'002504,弘高创意,3.96,4.15,3.92,4.09,4.09,-0.13,-3.1785,6.6226,27453914,109766862.96,4062170071.08,1641613925.16
2019-05-15,'002504,弘高创意,4.09,4.09,3.75,3.78,3.72,0.37,9.9462,5.573,23102802,93602444.5,4195524139.07,1695505291.39
2019-05-14,'002504,弘高创意,3.72,3.8,3.65,3.69,3.78,-0.06,-1.5873,1.8831,7806205,29193541.85,3815977945.56,1542122172.12
2019-05-13,'002504,弘高创意,3.78,3.82,3.71,3.76,3.78,0.0,0.0,1.4753,6115796,23051367.4,3877525976.94,1566995110.38
2019-05-10,'002504,弘高创意,3.78,3.79,3.62,3.64,3.63,0.15,4.1322,2.53,10488094,39111350.76,3877525976.94,1566995110.38
2019-05-09,'002504,弘高创意,3.63,3.68,3.57,3.62,3.62,0.01,0.2762,1.4524,6021092,21916552.72,3723655898.49,1504812764.73
2019-05-08,'002504,弘高创意,3.62,3.69,3.5,3.5,3.65,-0.03,-0.8219,1.7649,7316496,26487079.59,3713397893.26,1500667275.02
2019-05-07,'002504,弘高创意,3.65,3.67,3.56,3.65,3.56,0.09,2.5281,1.7731,7350413,26625747.49,3744171908.95,1513103744.15
2019-05-06,'002504,弘高创意,3.56,3.78,3.51,3.78,3.9,-0.34,-8.7179,3.0248,12539131,45812480.18,3651849861.88,1475794336.76
2019-04-30,'002504,弘高创意,3.9,3.95,3.82,3.82,3.82,0.08,2.0942,2.0105,8334643,32506276.65,4000622039.7,1616740986.9
2019-04-29,'002504,弘高创意,3.82,4.12,3.81,4.09,4.08,-0.26,-6.3725,3.2222,13357799,52263325.84,3918557997.86,1583577069.22
2019-04-26,'002504,弘高创意,4.08,4.17,4.08,4.12,4.12,-0.04,-0.9709,2.6245,10879942,44898059.81,4185266133.84,1691359801.68
2019-04-25,'002504,弘高创意,4.12,4.45,4.11,4.45,4.45,-0.33,-7.4157,4.5593,18900552,81094425.8,4226298154.76,1707941760.52
2019-04-24,'002504,弘高创意,4.45,4.58,4.38,4.53,4.5,-0.05,-1.1111,3.2227,13359587,59533293.17,4564812327.35,1844742920.95
2019-04-23,'002504,弘高创意,4.5,4.63,4.46,4.63,4.64,-0.14,-3.0172,3.9293,16288814,73648131.69,4616102353.5,1865470369.5
2019-04-22,'002504,弘高创意,4.64,4.71,4.55,4.62,4.52,0.12,2.6549,6.6224,27453064,127117526.67,4759714426.72,1923507225.44
2019-04-19,'002504,弘高创意,4.52,4.55,4.44,4.55,4.55,-0.03,-0.6593,3.1224,12943950,58258794.75,4636618363.96,1873761348.92
2019-04-18,'002504,弘高创意,4.55,4.62,4.48,4.59,4.57,-0.02,-0.4376,3.8122,15803622,71997650.23,4667392379.65,1886197818.05
2019-04-17,'002504,弘高创意,4.57,4.65,4.55,4.62,4.61,-0.04,-0.8677,3.8773,16073260,74093609.77,4687908390.11,1894488797.47
2019-04-16,'002504,弘高创意,4.61,4.62,4.41,4.49,4.48,0.13,2.9018,3.8278,15868244,71928687.34,4728940411.03,1911070756.31
2019-04-15,'002504,弘高创意,4.48,4.66,4.48,4.57,4.53,-0.05,-1.1038,3.8182,15828207,72719768.28,4595586343.04,1857179390.08
2019-04-12,'002504,弘高创意,4.53,4.57,4.45,4.48,4.45,0.08,1.7978,3.7249,15441366,69586038.44,4646876369.19,1877906838.63
2019-04-11,'002504,弘高创意,4.45,4.72,4.41,4.62,4.6,-0.15,-3.2609,5.1365,21293224,97566540.3,4564812327.35,1844742920.95
2019-04-10,'002504,弘高创意,4.6,4.68,4.5,4.55,4.61,-0.01,-0.2169,5.3231,22066744,101301267.82,4718682405.8,1906925266.6
2019-04-09,'002504,弘高创意,4.61,4.65,4.49,4.6,4.6,0.01,0.2174,4.6882,19434910,88884097.39,4728940411.03,1911070756.31
2019-04-08,'002504,弘高创意,4.6,4.79,4.53,4.78,4.78,-0.18,-3.7657,6.5118,26994470,125268539.97,4718682405.8,1906925266.6
2019-04-04,'002504,弘高创意,4.78,4.8,4.62,4.63,4.64,0.14,3.0172,9.4617,39223290,185613450.27,4903326499.94,1981544081.38
2019-04-03,'002504,弘高创意,4.64,4.7,4.52,4.53,4.57,0.07,1.5317,6.4793,26859748,124104637.97,4759714426.72,1923507225.44
2019-04-02,'002504,弘高创意,4.57,4.69,4.55,4.66,4.64,-0.07,-1.5086,6.5883,27311873,125547554.04,4687908390.11,1894488797.47
2019-04-01,'002504,弘高创意,4.64,4.72,4.53,4.53,4.52,0.12,2.6549,8.5031,35249678,162334548.36,4759714426.72,1923507225.44
2019-03-29,'002504,弘高创意,4.52,4.55,4.21,4.33,4.26,0.26,6.1033,7.1203,29516954,129858976.66,4636618363.96,1873761348.92
2019-03-28,'002504,弘高创意,4.26,4.4,4.23,4.29,4.32,-0.06,-1.3889,4.3579,18065560,77907510.83,4369910227.98,1765978616.46
2019-03-27,'002504,弘高创意,4.32,4.56,4.2,4.5,4.54,-0.22,-4.8458,7.3082,30295992,132030807.34,4431458259.36,1790851554.72
2019-03-26,'002504,弘高创意,4.54,4.71,4.46,4.51,4.5,0.04,0.8889,9.0076,37340786,171416418.17,4657134374.42,1882052328.34
2019-03-25,'002504,弘高创意,4.5,4.62,4.38,4.42,4.54,-0.04,-0.8811,7.8007,32337609,146324266.67,4616102353.5,1865470369.5
2019-03-22,'002504,弘高创意,4.54,4.6,4.41,4.6,4.6,-0.06,-1.3043,7.6534,31727165,142953435.35,4657134374.42,1882052328.34
2019-03-21,'002504,弘高创意,4.6,4.7,4.53,4.59,4.59,0.01,0.2179,9.1799,38055339,176089015.73,4718682405.8,1906925266.6
2019-03-20,'002504,弘高创意,4.59,4.71,4.44,4.68,4.74,-0.15,-3.1646,9.4905,39342653,180133782.76,4708424400.57,1902779776.89
2019-03-19,'002504,弘高创意,4.74,4.77,4.55,4.64,4.67,0.07,1.4989,10.1631,42130918,196656655.71,4862294479.02,1964962122.54
2019-03-18,'002504,弘高创意,4.67,4.79,4.5,4.71,4.74,-0.07,-1.4768,13.0481,54090647,249243736.96,4790488442.41,1935943694.57
2019-03-15,'002504,弘高创意,4.74,5.18,4.69,4.99,4.92,-0.18,-3.6585,19.1775,79500179,391945989.41,4862294479.02,1964962122.54
2019-03-14,'002504,弘高创意,4.92,5.28,4.79,5.28,5.32,-0.4,-7.5188,24.4857,101505036,500100509.95,5046938573.16,2039580937.32
2019-03-13,'002504,弘高创意,5.32,5.32,4.72,4.84,4.84,0.48,9.9174,29.9759,124264834,638774959.13,5457258782.36,2205400525.72
2019-03-12,'002504,弘高创意,4.84,4.84,4.42,4.5,4.4,0.44,10.0,26.6839,110617938,522453353.84,4964874531.32,2006417019.64
2019-03-11,'002504,弘高创意,4.4,4.48,4.12,4.18,4.12,0.28,6.7961,12.4231,51500018,222028408.86,4513522301.2,1824015472.4
2019-03-08,'002504,弘高创意,4.12,4.65,4.1,4.32,4.39,-0.27,-6.1503,14.7664,61213931,267391899.54,4226298154.76,1707941760.52
2019-03-07,'002504,弘高创意,4.39,4.55,4.26,4.35,4.27,0.12,2.8103,10.9275,45299869,198854169.71,4503264295.97,1819869982.69
2019-03-06,'002504,弘高创意,4.27,4.32,4.13,4.24,4.28,-0.01,-0.2336,10.3058,42722416,180382709.61,4380168233.21,1770124106.17
2019-03-05,'002504,弘高创意,4.28,4.35,3.97,3.99,4.03,0.25,6.2035,10.9125,45237547,189326396.22,4390426238.44,1774269595.88
2019-03-04,'002504,弘高创意,4.03,4.1,3.96,3.99,3.91,0.12,3.0691,7.7098,31960799,129003244.21,4133976107.69,1670632353.13
2019-03-01,'002504,弘高创意,3.91,3.97,3.82,3.93,3.94,-0.03,-0.7614,3.7781,15661943,61122978.6,4010880044.93,1620886476.61
2019-02-28,'002504,弘高创意,3.94,4.09,3.9,4.05,4.0,-0.06,-1.5,5.61,23256310,92477507.18,4041654060.62,1633322945.74
2019-02-27,'002504,弘高创意,4.0,4.0,3.84,3.86,3.86,0.14,3.6269,7.3114,30309269,119164943.08,4103202092.0,1658195884.0
2019-02-26,'002504,弘高创意,3.86,3.96,3.82,3.96,3.94,-0.08,-2.0305,6.9329,28740163,111763945.88,3959590018.78,1600159028.06
2019-02-25,'002504,弘高创意,3.94,4.03,3.74,3.81,3.76,0.18,4.7872,7.5802,31423692,121650051.01,4041654060.62,1633322945.74
2019-02-22,'002504,弘高创意,3.76,3.81,3.65,3.66,3.69,0.07,1.897,4.6292,19190359,71744980.08,3857009966.48,1558704130.96
2019-02-21,'002504,弘高创意,3.69,3.83,3.67,3.67,3.69,0.0,0.0,5.6134,23270141,87167948.27,3785203929.87,1529685702.99
2019-02-20,'002504,弘高创意,3.69,3.7,3.58,3.65,3.65,0.04,1.0959,3.8358,15901216,57946329.43,3785203929.87,1529685702.99
2019-02-19,'002504,弘高创意,3.65,3.66,3.57,3.61,3.61,0.04,1.108,3.832,15885438,57454197.76,3744171908.95,1513103744.15
2019-02-18,'002504,弘高创意,3.61,3.62,3.52,3.55,3.51,0.1,2.849,3.1987,13260143,47532750.57,3703139888.03,1496521785.31
2019-02-15,'002504,弘高创意,3.51,3.55,3.46,3.53,3.52,-0.01,-0.2841,2.2078,9152404,32026628.0,3600559835.73,1455066888.21
2019-02-14,'002504,弘高创意,3.52,3.64,3.42,3.45,3.46,0.06,1.7341,3.5429,14687033,51997554.51,3610817840.96,1459212377.92
2019-02-13,'002504,弘高创意,3.46,3.5,3.4,3.44,3.43,0.03,0.8746,2.7811,11529129,39832628.55,3549269809.58,1434339439.66
2019-02-12,'002504,弘高创意,3.43,3.45,3.35,3.41,3.38,0.05,1.4793,2.4051,9970334,33929746.63,3518495793.89,1421902970.53
2019-02-11,'002504,弘高创意,3.38,3.39,3.29,3.32,3.28,0.1,3.0488,2.0006,8293566,27824030.32,3467205767.74,1401175521.98
2019-02-01,'002504,弘高创意,3.28,3.3,3.2,3.2,3.19,0.09,2.8213,1.8176,7534942,24578558.51,3364625715.44,1359720624.88
2019-01-31,'002504,弘高创意,3.19,3.39,3.14,3.34,3.25,-0.06,-1.8462,3.8578,15992479,52053216.34,3272303668.37,1322411217.49
2019-01-30,'002504,弘高创意,3.25,3.35,3.11,3.32,3.33,-0.08,-2.4024,3.3332,13817825,45115332.35,3333851699.75,1347284155.75
2019-01-29,'002504,弘高创意,3.33,3.69,3.31,3.68,3.68,-0.35,-9.5109,7.9817,33087954,112062579.56,3415915741.59,1380448073.43
2019-01-28,'002504,弘高创意,3.68,3.89,3.68,3.85,3.84,-0.16,-4.1667,3.2266,13376009,50518321.67,3774945924.64,1525540213.28
2019-01-25,'002504,弘高创意,3.84,3.96,3.59,3.64,3.78,0.06,1.5873,7.8969,32736476,124182675.78,3939074008.32,1591868048.64
2019-01-24,'002504,弘高创意,3.78,4.29,3.77,4.29,4.19,-0.41,-9.7852,12.7118,52696510,203603384.96,3877525976.94,1566995110.38
2019-01-23,'002504,弘高创意,4.19,4.35,4.02,4.13,4.13,0.06,1.4528,8.2248,34095779,141126929.28,4298104191.37,1736960188.49
2019-01-22,'002504,弘高创意,4.13,4.27,4.08,4.18,4.18,-0.05,-1.1962,4.589,19023654,79153477.33,4236556159.99,1712087250.23
2019-01-21,'002504,弘高创意,4.18,4.29,4.13,4.25,4.26,-0.08,-1.8779,3.6994,15335626,64439357.92,4287846186.14,1732814698.78
2019-01-18,'002504,弘高创意,4.26,4.36,4.17,4.25,4.27,-0.01,-0.2342,6.8073,28219490,120307351.78,4369910227.98,1765978616.46
2019-01-17,'002504,弘高创意,4.27,4.36,4.06,4.16,4.15,0.12,2.8916,8.8921,36862188,155699392.39,4380168233.21,1770124106.17
2019-01-16,'002504,弘高创意,4.15,4.34,4.11,4.24,4.24,-0.09,-2.1226,5.976,24773345,103440041.97,4257072170.45,1720378229.65
2019-01-15,'002504,弘高创意,4.24,4.36,4.14,4.3,4.33,-0.09,-2.0785,7.5609,31343473,132443235.08,4349394217.52,1757687637.04
2019-01-14,'002504,弘高创意,4.33,4.43,4.25,4.34,4.39,-0.06,-1.3667,6.5911,27323353,117974515.98,4441716264.59,1794997044.43
2019-01-11,'002504,弘高创意,4.39,4.48,4.08,4.09,4.15,0.24,5.7831,11.9867,49690685,215607215.96,4503264295.97,1819869982.69
2019-01-10,'002504,弘高创意,4.15,4.35,4.1,4.3,4.25,-0.1,-2.3529,7.7215,32009424,133541032.38,4257072170.45,1720378229.65
2019-01-09,'002504,弘高创意,4.25,4.52,4.06,4.09,4.15,0.1,2.4096,12.9469,53671208,229080747.93,4359652222.75,1761833126.75
2019-01-08,'002504,弘高创意,4.15,4.25,4.05,4.07,4.28,-0.13,-3.0374,14.5131,60163831,247758484.3,4257072170.45,1720378229.65
2019-01-07,'002504,弘高创意,4.28,4.38,3.99,4.09,3.98,0.3,7.5377,18.5857,77046685,324244784.58,4390426238.44,1774269595.88
2019-01-04,'002504,弘高创意,3.98,3.98,3.53,3.53,3.62,0.36,9.9448,13.2933,55107117,211664731.81,4082686081.54,1649904904.58
2019-01-03,'002504,弘高创意,3.62,3.79,3.54,3.7,3.73,-0.11,-2.9491,4.8505,20107598,73604439.77,3713397893.26,1500667275.02
2019-01-02,'002504,弘高创意,3.73,3.87,3.6,3.65,3.65,0.08,2.1918,6.4112,26577713,98947926.05,3826235950.79,1546267661.83
2018-12-28,'002504,弘高创意,3.65,3.67,3.46,3.5,3.5,0.15,4.2857,4.4652,18510442,65913727.28,3744171908.95,1513103744.15
2018-12-27,'002504,弘高创意,3.5,3.67,3.5,3.66,3.61,-0.11,-3.0471,3.341,13850216,49632610.24,3590301830.5,1450921398.5
2018-12-26,'002504,弘高创意,3.61,3.72,3.57,3.7,3.7,-0.09,-2.4324,6.0484,25073779,90973191.81,3703139888.03,1496521785.31
2018-12-25,'002504,弘高创意,3.7,3.87,3.4,3.47,3.52,0.18,5.1136,8.8134,36535915,133208815.31,3795461935.1,1533831192.7
2018-12-24,'002504,弘高创意,3.52,3.6,3.44,3.46,3.49,0.03,0.8596,2.3671,9812946,34484739.85,3610817840.96,1459212377.92
2018-12-21,'002504,弘高创意,3.49,3.53,3.41,3.49,3.5,-0.01,-0.2857,2.345,9721026,33676089.76,3580043825.27,1446775908.79
2018-12-20,'002504,弘高创意,3.5,3.54,3.41,3.41,3.46,0.04,1.1561,2.286,9476708,33065481.42,3590301830.5,1450921398.5
2018-12-19,'002504,弘高创意,3.46,3.59,3.44,3.47,3.51,-0.05,-1.4245,2.9706,12314500,43189988.0,3549269809.58,1434339439.66
2018-12-18,'002504,弘高创意,3.51,3.6,3.35,3.49,3.49,0.02,0.5731,3.6304,15049894,52035571.35,3600559835.73,1455066888.21
2018-12-17,'002504,弘高创意,3.49,3.54,3.4,3.48,3.48,0.01,0.2874,3.0044,12454756,43385615.58,3580043825.27,1446775908.79
2018-12-14,'002504,弘高创意,3.48,3.67,3.45,3.64,3.7,-0.22,-5.9459,5.0343,20869698,74854137.36,3569785820.04,1442630419.08
2018-12-13,'002504,弘高创意,3.7,3.85,3.67,3.78,3.86,-0.16,-4.1451,8.2931,34378825,129279922.27,3795461935.1,1533831192.7
2018-12-12,'002504,弘高创意,3.86,4.02,3.57,3.69,3.65,0.21,5.7534,11.1766,46332670,179196572.39,3959590018.78,1600159028.06
2018-12-11,'002504,弘高创意,3.65,3.77,3.55,3.74,3.67,-0.02,-0.545,3.4283,14212164,51937311.69,3744171908.95,1513103744.15
2018-12-10,'002504,弘高创意,3.67,3.82,3.55,3.6,3.64,0.03,0.8242,4.6326,19204409,70908636.4,3764687919.41,1521394723.57
2018-12-07,'002504,弘高创意,3.64,3.88,3.61,3.85,3.83,-0.19,-4.9608,4.3612,18079440,67430961.26,3733913903.72,1508958254.44
2018-12-06,'002504,弘高创意,3.83,3.9,3.77,3.83,3.86,-0.03,-0.7772,4.1748,17306664,66264000.3,3928816003.09,1587722558.93
2018-12-05,'002504,弘高创意,3.86,4.01,3.8,3.88,4.09,-0.23,-5.6235,7.4715,30973209,119828179.42,3959590018.78,1600159028.06
2018-12-04,'002504,弘高创意,4.09,4.19,3.92,3.94,4.01,0.08,1.995,11.8456,49105931,199878202.27,4195524139.07,1695505291.39
2018-12-03,'002504,弘高创意,4.01,4.16,3.81,3.89,3.78,0.23,6.0847,10.783,44700872,178066035.58,4113460097.23,1662341373.71
2018-11-30,'002504,弘高创意,3.78,3.89,3.57,3.72,3.73,0.05,1.3405,7.5046,31110218,116027421.51,3877525976.94,1566995110.38
2018-11-29,'002504,弘高创意,3.73,3.87,3.61,3.74,3.86,-0.13,-3.3679,8.1288,33697710,126312934.77,3826235950.79,1546267661.83
2018-11-28,'002504,弘高创意,3.86,4.09,3.7,3.93,3.84,0.02,0.5208,14.436,59844127,233323576.8,3959590018.78,1600159028.06
2018-11-27,'002504,弘高创意,3.84,3.84,3.54,3.55,3.49,0.35,10.0287,4.0749,16892551,63571621.84,3939074008.32,1591868048.64
2018-11-26,'002504,弘高创意,3.49,3.76,3.46,3.76,3.76,-0.27,-7.1809,7.6729,31807773,115861905.53,3580043825.27,1446775908.79
2018-11-23,'002504,弘高创意,3.76,3.94,3.71,3.85,4.12,-0.36,-8.7379,13.4008,55552762,208117817.5,3857009966.48,1558704130.96
2018-11-22,'002504,弘高创意,4.12,4.5,4.06,4.5,4.09,0.03,0.7335,22.0916,91580388,393651117.51,4226298154.76,1707941760.52
2018-11-21,'002504,弘高创意,4.09,4.09,4.09,4.09,3.72,0.37,9.9462,1.2724,5274521,21572790.89,4195524139.07,1695505291.39
2018-11-20,'002504,弘高创意,3.72,3.72,3.29,3.34,3.38,0.34,10.0592,5.001,20731700,74503335.34,3815977945.56,1542122172.12
2018-11-19,'002504,弘高创意,3.38,3.44,3.25,3.42,3.42,-0.04,-1.1696,3.4854,14448614,48110236.34,3467205767.74,1401175521.98
2018-11-16,'002504,弘高创意,3.42,3.55,3.35,3.36,3.37,0.05,1.4837,3.949,16370724,56248768.65,3508237788.66,1417757480.82
2018-11-15,'002504,弘高创意,3.37,3.38,3.27,3.31,3.36,0.01,0.2976,3.8152,15815893,52594952.13,3456947762.51,1397030032.27
2018-11-14,'002504,弘高创意,3.36,3.62,3.3,3.41,3.48,-0.12,-3.4483,5.8308,24171428,83152861.98,3446689757.28,1392884542.56
2018-11-13,'002504,弘高创意,3.48,3.62,3.22,3.24,3.29,0.19,5.7751,7.3514,30475021,105466435.82,3569785820.04,1442630419.08
2018-11-12,'002504,弘高创意,3.29,3.3,3.1,3.1,3.16,0.13,4.1139,4.4508,18450632,59475461.87,3374883720.67,1363866114.59
2018-11-09,'002504,弘高创意,3.16,3.5,3.13,3.2,3.22,-0.06,-1.8634,7.9371,32903022,108137398.11,3241529652.68,1309974748.36
2018-11-08,'002504,弘高创意,3.22,3.22,2.92,2.94,2.93,0.29,9.8976,6.3853,26470082,83840082.17,3303077684.06,1334847686.62
2018-11-07,'002504,弘高创意,2.93,2.99,2.93,2.98,2.96,-0.03,-1.0135,1.2005,4976693,14691944.45,3005595532.39,1214628485.03
2018-11-06,'002504,弘高创意,2.96,3.02,2.9,3.01,3.04,-0.08,-2.6316,1.9807,8211129,24177178.4,3036369548.08,1227064954.16
2018-11-05,'002504,弘高创意,3.04,3.05,2.9,2.93,2.98,0.06,2.0134,3.1625,13110100,39087318.46,3118433589.92,1260228871.84
2018-11-02,'002504,弘高创意,2.98,3.02,2.9,2.95,2.92,0.06,2.0548,3.69,15296896,45141966.7,3056885558.54,1235355933.58
2018-11-01,'002504,弘高创意,2.92,2.98,2.88,2.88,2.9,0.02,0.6897,2.3017,9541834,27731383.58,2995337527.16,1210482995.32
2018-10-31,'002504,弘高创意,2.9,3.0,2.88,2.92,2.9,0.0,0.0,3.3819,14019484,41303025.16,2974821516.7,1202192015.9
2018-10-30,'002504,弘高创意,2.9,3.01,2.76,2.77,2.83,0.07,2.4735,3.5625,14768155,42748428.82,2974821516.7,1202192015.9
2018-10-29,'002504,弘高创意,2.83,2.88,2.77,2.81,2.94,-0.11,-3.7415,3.3209,13766666,38835349.34,2903015480.09,1173173587.93
2018-10-26,'002504,弘高创意,2.94,3.15,2.9,3.01,3.05,-0.11,-3.6066,6.1873,25649524,77231750.85,3015853537.62,1218773974.74
2018-10-25,'002504,弘高创意,3.05,3.22,2.93,3.2,3.18,-0.13,-4.0881,9.1817,38062636,116111655.94,3128691595.15,1264374361.55
2018-10-24,'002504,弘高创意,3.18,3.18,3.18,3.18,2.89,0.29,10.0346,2.0102,8333463,26500412.34,3262045663.14,1318265727.78
2018-10-23,'002504,弘高创意,2.89,2.89,2.7,2.73,2.63,0.26,9.8859,3.1934,13238056,37661439.83,2964563511.47,1198046526.19
2018-10-22,'002504,弘高创意,2.63,2.63,2.41,2.41,2.39,0.24,10.0418,1.1845,4910381,12461811.72,2697855375.49,1090263793.73
2018-10-19,'002504,弘高创意,2.39,2.4,2.28,2.37,2.35,0.04,1.7021,1.1072,4589695,10764577.59,2451663249.97,990772040.69
2018-10-18,'002504,弘高创意,2.35,2.46,2.34,2.46,2.46,-0.11,-4.4715,1.2333,5112818,12202134.7,2410631229.05,974190081.85
2018-10-17,'002504,弘高创意,2.46,2.53,2.39,2.53,2.45,0.01,0.4082,1.3326,5524361,13512788.44,2523469286.58,1019790468.66
2018-10-16,'002504,弘高创意,2.45,2.54,2.3,2.49,2.52,-0.07,-2.7778,2.0666,8567004,21053012.64,2513211281.35,1015644978.95
2018-10-15,'002504,弘高创意,2.52,2.65,2.52,2.6,2.56,-0.04,-1.5625,1.2082,5008619,12947838.8,2585017317.96,1044663406.92
2018-10-12,'002504,弘高创意,2.56,2.68,2.47,2.65,2.74,-0.18,-6.5693,2.6429,10955926,27898034.07,2626049338.88,1061245365.76
2018-10-11,'002504,弘高创意,2.74,2.95,2.74,2.94,3.04,-0.3,-9.8684,2.4437,10130305,28444276.86,2810693433.02,1135864180.54
2018-10-10,'002504,弘高创意,3.04,3.06,3.0,3.05,3.05,-0.01,-0.3279,0.7519,3117160,9449332.8,3118433589.92,1260228871.84
2018-10-09,'002504,弘高创意,3.05,3.07,2.96,3.06,3.04,0.01,0.3289,1.1496,4765461,14425326.73,3128691595.15,1264374361.55
2018-10-08,'002504,弘高创意,3.04,3.14,3.03,3.12,3.14,-0.1,-3.1847,1.2631,5236065,16016648.16,3118433589.92,1260228871.84
2018-09-28,'002504,弘高创意,3.14,3.17,3.07,3.08,3.1,0.04,1.2903,1.2853,5328100,16624132.0,3221013642.22,1301683768.94
2018-09-27,'002504,弘高创意,3.1,3.19,3.09,3.17,3.18,-0.08,-2.5157,1.6152,6695615,20972196.8,3179981621.3,1285101810.1
2018-09-26,'002504,弘高创意,3.18,3.21,3.17,3.21,3.19,-0.01,-0.3135,1.3425,5565182,17745422.58,3262045663.14,1318265727.78
2018-09-25,'002504,弘高创意,3.19,3.23,3.17,3.23,3.22,-0.03,-0.9317,0.9456,3920177,12526535.64,3272303668.37,1322411217.49
2018-09-21,'002504,弘高创意,3.22,3.25,3.18,3.21,3.24,-0.02,-0.6173,1.4803,6136728,19726362.79,3303077684.06,1334847686.62
2018-09-20,'002504,弘高创意,3.24,3.29,3.2,3.21,3.2,0.04,1.25,1.7329,7183631,23358727.8,3323593694.52,1343138666.04
2018-09-19,'002504,弘高创意,3.2,3.24,3.18,3.24,3.21,-0.01,-0.3115,1.5745,6527069,20966538.99,3282561673.6,1326556707.2
2018-09-18,'002504,弘高创意,3.21,3.22,3.13,3.16,3.15,0.06,1.9048,0.9561,3963632,12613446.87,3292819678.83,1330702196.91
2018-09-17,'002504,弘高创意,3.15,3.23,3.14,3.23,3.19,-0.04,-1.2539,0.7603,3151700,9989283.59,3231271647.45,1305829258.65
2018-09-14,'002504,弘高创意,3.19,3.27,3.18,3.22,3.24,-0.05,-1.5432,0.9132,3785700,12230544.14,3272303668.37,1322411217.49
2018-09-13,'002504,弘高创意,3.24,3.29,3.2,3.28,3.26,-0.02,-0.6135,1.2519,5189842,16792756.82,3323593694.52,1343138666.04
2018-09-12,'002504,弘高创意,3.26,3.26,3.18,3.2,3.2,0.06,1.875,1.1021,4568839,14749991.19,3344109704.98,1351429645.46
2018-09-11,'002504,弘高创意,3.2,3.22,3.12,3.13,3.15,0.05,1.5873,1.4444,5987731,19068878.54,3282561673.6,1326556707.2
2018-09-10,'002504,弘高创意,3.15,3.2,3.12,3.2,3.17,-0.02,-0.6309,1.1608,4812159,15225637.91,3231271647.45,1305829258.65
2018-09-07,'002504,弘高创意,3.17,3.21,3.12,3.15,3.17,0.0,0.0,1.3088,5425699,17187733.43,3251787657.91,1314120238.07
2018-09-06,'002504,弘高创意,3.17,3.2,3.07,3.19,3.21,-0.04,-1.2461,2.0122,8341665,26228645.48,3251787657.91,1314120238.07
2018-09-05,'002504,弘高创意,3.21,3.27,3.2,3.24,3.25,-0.04,-1.2308,1.5611,6471722,20956614.06,3292819678.83,1330702196.91
2018-09-04,'002504,弘高创意,3.25,3.26,3.18,3.2,3.21,0.04,1.2461,1.2907,5350531,17271564.44,3333851699.75,1347284155.75
2018-09-03,'002504,弘高创意,3.21,3.27,3.15,3.27,3.22,-0.01,-0.3106,1.2023,4984310,15945281.78,3292819678.83,1330702196.91
2018-08-31,'002504,弘高创意,3.22,3.38,3.22,3.38,3.36,-0.14,-4.1667,1.3606,5640557,18426495.82,3303077684.06,1334847686.62
2018-08-30,'002504,弘高创意,3.36,3.42,3.29,3.42,3.37,-0.01,-0.2967,1.9025,7886718,26506016.49,3446689757.28,1392884542.56
2018-08-29,'002504,弘高创意,3.37,3.47,3.11,3.42,3.43,-0.06,-1.7493,2.5697,10652582,35434139.19,3456947762.51,1397030032.27
2018-08-28,'002504,弘高创意,3.43,3.49,3.42,3.49,3.47,-0.04,-1.1527,1.4613,6057800,20838774.0,3518495793.89,1421902970.53
2018-08-27,'002504,弘高创意,3.47,3.5,3.34,3.34,3.33,0.14,4.2042,3.0096,12476379,42819377.76,3559527814.81,1438484929.37
2018-08-24,'002504,弘高创意,3.33,3.35,3.22,3.26,3.25,0.08,2.4615,2.1865,9064238,29864688.15,3415915741.59,1380448073.43
2018-08-23,'002504,弘高创意,3.25,3.32,3.18,3.21,3.39,-0.14,-4.1298,3.7045,15356878,49928979.4,3333851699.75,1347284155.75
2018-08-22,'002504,弘高创意,3.39,3.64,3.39,3.39,3.77,-0.38,-10.0796,10.1265,41979223,143998317.02,3477463772.97,1405321011.69
2018-08-21,'002504,弘高创意,3.77,3.77,3.77,3.77,4.19,-0.42,-10.0239,0.3691,1530200,5768854.0,3867267971.71,1562849620.67
2018-08-20,'002504,弘高创意,4.19,4.76,4.19,4.66,4.66,-0.47,-10.0858,3.4424,14270400,65430826.0,4298104191.37,1736960188.49
2018-08-17,'002504,弘高创意,4.66,4.7,4.66,4.69,4.69,-0.03,-0.6397,1.2447,5159722,24126551.52,4780230437.18,1931798204.86
2018-08-16,'002504,弘高创意,4.69,4.79,4.68,4.7,4.67,0.02,0.4283,2.3632,9796649,46141479.07,4811004452.87,1944234673.99
2018-08-15,'002504,弘高创意,4.67,4.7,4.67,4.68,4.67,0.0,0.0,2.6674,11057720,51762121.4,4790488442.41,1935943694.57
2018-08-14,'002504,弘高创意,4.67,4.72,4.65,4.7,4.69,-0.02,-0.4264,2.9103,12064589,56416951.85,4790488442.41,1935943694.57
2018-08-13,'002504,弘高创意,4.69,4.79,4.67,4.79,4.79,-0.1,-2.0877,2.651,10989655,51677281.03,4811004452.87,1944234673.99
2018-08-10,'002504,弘高创意,4.79,4.88,4.7,4.85,4.85,-0.06,-1.2371,4.7051,19504961,92904173.59,4913584505.17,1985689571.09
2018-08-09,'002504,弘高创意,4.85,4.85,4.61,4.62,4.61,0.24,5.2061,4.3148,17886948,84289899.59,4975132536.55,2010562509.35
2018-08-08,'002504,弘高创意,4.61,4.66,4.61,4.62,4.61,0.0,0.0,2.2002,9121000,42271177.13,4728940411.03,1911070756.31
2018-08-07,'002504,弘高创意,4.61,4.72,4.6,4.61,4.6,0.01,0.2174,4.3918,18205972,84231288.33,4728940411.03,1911070756.31
2018-08-06,'002504,弘高创意,4.6,4.65,4.6,4.61,4.6,0.0,0.0,1.997,8278412,38147520.79,4718682405.8,1906925266.6
2018-08-03,'002504,弘高创意,4.6,4.72,4.6,4.69,4.67,-0.07,-1.4989,2.3348,9678770,44757161.92,4718682405.8,1906925266.6
2018-08-02,'002504,弘高创意,4.67,4.81,4.6,4.8,4.81,-0.14,-2.9106,7.0767,29336450,136518757.56,4790488442.41,1935943694.57
2018-08-01,'002504,弘高创意,4.81,4.86,4.61,4.65,4.62,0.19,4.1126,6.378,26440134,124392748.46,4934100515.63,1993980550.51
2018-07-31,'002504,弘高创意,4.62,4.85,4.61,4.75,4.82,-0.2,-4.1494,3.1936,13238940,62482143.31,4739198416.26,1915216246.02
2018-07-30,'002504,弘高创意,4.82,4.89,4.67,4.83,4.81,0.01,0.2079,4.4809,18575585,88806882.68,4944358520.86,1998126040.22
2018-07-27,'002504,弘高创意,4.81,4.9,4.41,4.42,4.46,0.35,7.8475,5.9808,24793545,116196607.85,4934100515.63,1993980550.51
2018-07-26,'002504,弘高创意,4.46,4.62,4.31,4.34,4.3,0.16,3.7209,4.2944,17802202,80130588.01,4575070332.58,1848888410.66
2018-07-25,'002504,弘高创意,4.3,4.31,4.18,4.22,4.23,0.07,1.6548,1.9599,8124936,34403466.6,4410942248.9,1782560575.3
2018-07-24,'002504,弘高创意,4.23,4.26,4.16,4.17,4.19,0.04,0.9547,2.6056,10801367,45492460.75,4339136212.29,1753542147.33
2018-07-23,'002504,弘高创意,4.19,4.25,4.12,4.14,4.14,0.05,1.2077,2.6625,11037393,46163639.53,4298104191.37,1736960188.49
2018-07-20,'002504,弘高创意,4.14,4.21,4.01,4.06,4.06,0.08,1.9704,2.8074,11638000,48099091.46,4246814165.22,1716232739.94
2018-07-19,'002504,弘高创意,4.06,4.12,4.03,4.1,4.08,-0.02,-0.4902,1.2281,5091051,20759055.21,4164750123.38,1683068822.26
2018-07-18,'002504,弘高创意,4.08,4.14,4.06,4.08,4.07,0.01,0.2457,1.8414,7633476,31239803.22,4185266133.84,1691359801.68
2018-07-17,'002504,弘高创意,4.07,4.21,4.05,4.16,4.2,-0.13,-3.0952,3.5304,14635123,60338521.22,4175008128.61,1687214311.97
2018-07-16,'002504,弘高创意,4.2,4.26,4.04,4.15,4.23,-0.03,-0.7092,5.0473,20923601,86124208.86,4308362196.6,1741105678.2
2018-07-13,'002504,弘高创意,4.23,4.29,3.94,4.0,4.0,0.23,5.75,4.1338,17136650,70359223.9,4339136212.29,1753542147.33
2018-07-12,'002504,弘高创意,4.0,4.1,3.94,3.94,3.94,0.06,1.5228,2.3692,9821291,39314065.85,4103202092.0,1658195884.0
2018-07-11,'002504,弘高创意,3.94,4.05,3.85,3.88,4.03,-0.09,-2.2333,2.5659,10637070,42031786.13,4041654060.62,1633322945.74
2018-07-10,'002504,弘高创意,4.03,4.18,3.85,3.86,3.93,0.1,2.5445,4.4979,18645794,75319476.83,4133976107.69,1670632353.13
2018-07-09,'002504,弘高创意,3.93,4.07,3.61,3.65,3.76,0.17,4.5213,4.4623,18498327,71429902.46,4031396055.39,1629177456.03
2018-07-06,'002504,弘高创意,3.76,3.98,3.5,3.64,3.65,0.11,3.0137,4.8202,19982038,73351322.69,3857009966.48,1558704130.96
2018-07-05,'002504,弘高创意,3.65,3.65,3.29,3.3,3.32,0.33,9.9398,5.0265,20837498,74559450.97,3744171908.95,1513103744.15
2018-07-04,'002504,弘高创意,3.32,3.39,3.27,3.28,3.31,0.01,0.3021,1.3349,5533896,18392782.13,3405657736.36,1376302583.72
2018-07-03,'002504,弘高创意,3.31,3.32,3.2,3.29,3.29,0.02,0.6079,1.0351,4290855,13995102.29,3395399731.13,1372157094.01
2018-07-02,'002504,弘高创意,3.29,3.34,3.23,3.31,3.3,-0.01,-0.303,0.9768,4049353,13334125.31,3374883720.67,1363866114.59
2018-06-29,'002504,弘高创意,3.3,3.31,3.19,3.19,3.2,0.1,3.125,0.9692,4017894,13128949.31,3385141725.9,1368011604.3
2018-06-28,'002504,弘高创意,3.2,3.34,3.18,3.27,3.31,-0.11,-3.3233,1.0509,4356325,14192888.4,3282561673.6,1326556707.2
2018-06-27,'002504,弘高创意,3.31,3.44,3.23,3.27,3.28,0.03,0.9146,1.3061,5414241,18006934.23,3395399731.13,1372157094.01
2018-06-26,'002504,弘高创意,3.28,3.3,3.15,3.27,3.24,0.04,1.2346,1.069,4431716,14404720.14,3364625715.44,1359720624.88
2018-06-25,'002504,弘高创意,3.24,3.32,3.21,3.21,3.19,0.05,1.5674,1.3242,5489292,18033935.75,3323593694.52,1343138666.04
2018-06-22,'002504,弘高创意,3.19,3.25,3.03,3.1,3.08,0.11,3.5714,1.6452,6820019,21792715.4,3272303668.37,1322411217.49
2018-06-21,'002504,弘高创意,3.08,3.34,3.02,3.28,3.35,-0.27,-8.0597,2.6261,10886337,34575959.0,3159465610.84,1276810830.68
2018-06-20,'002504,弘高创意,3.35,3.46,3.12,3.18,3.46,-0.11,-3.1792,3.0929,12821732,41770556.38,3436431752.05,1388739052.85
2018-06-19,'002504,弘高创意,3.46,3.67,3.46,3.67,3.84,-0.38,-9.8958,1.7884,7413733,25924770.24,3549269809.58,1434339439.66
2018-06-15,'002504,弘高创意,3.84,4.23,3.84,4.23,4.27,-0.43,-10.0703,3.5671,14787465,57679213.01,3939074008.32,1591868048.64
2018-06-14,'002504,弘高创意,4.27,4.35,4.25,4.32,4.34,-0.07,-1.6129,1.0774,4466346,19188233.2,4380168233.21,1770124106.17
2018-06-13,'002504,弘高创意,4.34,4.37,4.25,4.32,4.35,-0.01,-0.2299,1.3044,5407578,23365500.95,4451974269.82,1799142534.14
2018-06-12,'002504,弘高创意,4.35,4.37,4.27,4.36,4.37,-0.02,-0.4577,1.0793,4474218,19326797.97,4462232275.05,1803288023.85
2018-06-11,'002504,弘高创意,4.37,4.37,4.2,4.37,4.37,0.0,0.0,1.8185,7538622,32244573.78,4482748285.51,1811579003.27
2018-06-08,'002504,弘高创意,4.37,4.41,4.3,4.31,4.37,0.0,0.0,1.4196,5884860,25570924.03,4482748285.51,1811579003.27
2018-06-07,'002504,弘高创意,4.37,4.5,4.28,4.28,4.37,0.0,0.0,1.7547,7273987,31851179.13,4482748285.51,1811579003.27
2018-06-06,'002504,弘高创意,4.37,4.62,4.36,4.61,4.61,-0.24,-5.2061,3.0937,12825036,57024495.72,4482748285.51,1811579003.27
2018-06-05,'002504,弘高创意,4.61,4.72,4.58,4.7,4.66,-0.05,-1.073,2.3538,9757681,45264731.21,4728940411.03,1911070756.31
2018-06-04,'002504,弘高创意,4.66,4.74,4.47,4.5,4.61,0.05,1.0846,3.6059,14948257,69170147.3,4780230437.18,1931798204.86
2018-06-01,'002504,弘高创意,4.61,4.87,4.45,4.65,4.43,0.18,4.0632,5.5671,23078218,107185666.94,4728940411.03,1911070756.31
2018-05-31,'002504,弘高创意,4.43,4.54,4.31,4.39,4.37,0.06,1.373,2.7144,11252395,49457127.77,4544296316.89,1836451941.53
2018-05-30,'002504,弘高创意,4.37,4.43,4.23,4.41,4.45,-0.08,-1.7978,2.2545,9345892,40613962.17,4482748285.51,1811579003.27
2018-05-29,'002504,弘高创意,4.45,4.6,4.33,4.45,4.43,0.02,0.4515,3.3305,13806406,62401180.4,4564812327.35,1844742920.95
2018-05-28,'002504,弘高创意,4.43,4.52,4.18,4.46,4.42,0.01,0.2262,3.697,15325750,66662889.39,4544296316.89,1836451941.53
2018-05-25,'002504,弘高创意,4.42,4.68,4.39,4.65,4.63,-0.21,-4.5356,3.9312,16296771,72959699.07,4534038311.66,1832306451.82
2018-05-24,'002504,弘高创意,4.63,4.81,4.54,4.6,4.6,0.03,0.6522,3.0271,12548858,58660340.15,4749456421.49,1919361735.73
2018-05-23,'002504,弘高创意,4.6,4.82,4.52,4.77,4.81,-0.21,-4.3659,5.3979,22376825,104160589.29,4718682405.8,1906925266.6
2018-05-22,'002504,弘高创意,4.81,4.93,4.72,4.77,4.77,0.04,0.8386,4.775,19794553,95768170.63,4934100515.63,1993980550.51
2018-05-21,'002504,弘高创意,4.77,4.89,4.67,4.8,4.79,-0.02,-0.4175,4.8666,20174428,96299373.64,4893068494.71,1977398591.67
2018-05-18,'002504,弘高创意,4.79,5.03,4.72,4.72,4.89,-0.1,-2.045,7.0983,29425735,143282587.78,4913584505.17,1985689571.09
2018-05-17,'002504,弘高创意,4.89,5.16,4.67,5.08,5.17,-0.28,-5.4159,14.3774,59601432,290183199.16,5016164557.47,2027144468.19
2018-05-16,'002504,弘高创意,5.17,5.17,4.72,4.72,4.7,0.47,10.0,21.6082,89576646,453093874.44,5303388703.91,2143218180.07
2018-05-15,'002504,弘高创意,4.7,4.7,4.16,4.21,4.27,0.43,10.0703,5.7687,23914233,107512764.89,4821262458.1,1948380163.7
2018-05-14,'002504,弘高创意,4.27,4.35,3.99,4.17,4.17,0.1,2.3981,5.9481,24657801,102987420.17,4380168233.21,1770124106.17
2018-05-11,'002504,弘高创意,4.17,4.7,4.07,4.42,4.29,-0.12,-2.7972,10.766,44630155,194870575.48,4277588180.91,1728669209.07
2018-05-10,'002504,*ST弘高,0.0,0.0,0.0,0.0,4.29,None,None,0.0,0,0.0,4400684243.67,1778415085.59
2018-05-09,'002504,*ST弘高,4.29,4.53,4.19,4.36,4.32,-0.03,-0.6944,6.4397,26695718,117607728.39,4400684243.67,1778415085.59
2018-05-08,'002504,*ST弘高,4.32,4.32,4.11,4.16,4.11,0.21,5.1095,4.248,17609881,75160591.6,4431458259.36,1790851554.72
2018-05-07,'002504,*ST弘高,4.11,4.11,3.88,3.88,3.91,0.2,5.1151,4.9815,20650560,83787311.83,4216040149.53,1703796270.81
2018-05-04,'002504,*ST弘高,3.91,3.94,3.77,3.77,3.77,0.14,3.7135,2.4469,10143504,39223672.42,4010880044.93,1620886476.61
2018-05-03,'002504,*ST弘高,3.77,3.84,3.67,3.78,3.78,-0.01,-0.2646,2.3308,9662132,36327582.97,3867267971.71,1562849620.67
2018-05-02,'002504,*ST弘高,3.78,4.01,3.78,3.96,3.98,-0.2,-5.0251,2.9663,12296929,47473891.27,3877525976.94,1566995110.38
2018-04-27,'002504,*ST弘高,3.98,4.03,3.92,3.99,4.0,-0.02,-0.5,1.9063,7902476,31458743.43,4082686081.54,1649904904.58
2018-04-26,'002504,*ST弘高,4.0,4.05,3.81,3.86,3.86,0.14,3.6269,3.8455,15941582,62994667.49,4103202092.0,1658195884.0
2018-04-25,'002504,*ST弘高,3.86,3.91,3.71,3.71,3.72,0.14,3.7634,5.8782,24368014,93965789.53,3959590018.78,1600159028.06
2018-04-24,'002504,*ST弘高,3.72,3.72,3.48,3.58,3.54,0.18,5.0847,2.6676,11058542,40208806.77,3815977945.56,1542122172.12
2018-04-23,'002504,*ST弘高,3.54,3.61,3.52,3.59,3.6,-0.06,-1.6667,1.3701,5679711,20276054.29,3631333851.42,1467503357.34
2018-04-20,'002504,*ST弘高,3.6,3.65,3.59,3.62,3.63,-0.03,-0.8264,1.1479,4758586,17209222.84,3692881882.8,1492376295.6
2018-04-19,'002504,*ST弘高,3.63,3.66,3.63,3.64,3.64,-0.01,-0.2747,1.0477,4343213,15792711.6,3723655898.49,1504812764.73
2018-04-18,'002504,*ST弘高,3.64,3.72,3.62,3.67,3.67,-0.03,-0.8174,2.5288,10483074,38508854.89,3733913903.72,1508958254.44
2018-04-17,'002504,*ST弘高,3.67,3.75,3.62,3.67,3.67,0.0,0.0,3.6304,15049579,55433743.28,3764687919.41,1521394723.57
2018-04-16,'002504,*ST弘高,3.67,3.7,3.56,3.64,3.59,0.08,2.2284,4.0289,16701632,60613002.64,3764687919.41,1521394723.57
2018-04-13,'002504,*ST弘高,3.59,3.65,3.49,3.61,3.61,-0.02,-0.554,3.0325,12571350,44900884.33,3682623877.57,1488230805.89
2018-04-12,'002504,*ST弘高,3.61,3.67,3.53,3.58,3.6,0.01,0.2778,3.1734,13155315,47298880.37,3703139888.03,1496521785.31
2018-04-11,'002504,*ST弘高,3.6,3.68,3.55,3.6,3.6,0.0,0.0,3.7628,15598697,56471880.59,3692881882.8,1492376295.6
2018-04-10,'002504,*ST弘高,3.6,3.61,3.51,3.53,3.53,0.07,1.983,2.0586,8534034,30509443.87,3692881882.8,1492376295.6
2018-04-09,'002504,*ST弘高,3.53,3.58,3.47,3.49,3.51,0.02,0.5698,1.8162,7529022,26545521.54,3621075846.19,1463357867.63
2018-04-04,'002504,*ST弘高,3.51,3.55,3.48,3.52,3.51,0.0,0.0,1.6679,6914133,24300125.44,3600559835.73,1455066888.21
2018-04-03,'002504,*ST弘高,3.51,3.63,3.42,3.49,3.52,-0.01,-0.2841,1.612,6682719,23567617.41,3600559835.73,1455066888.21
2018-04-02,'002504,*ST弘高,3.52,3.54,3.4,3.4,3.49,0.03,0.8596,1.6901,7006375,24351338.37,3610817840.96,1459212377.92
2018-03-30,'002504,*ST弘高,3.49,3.6,3.44,3.47,3.48,0.01,0.2874,1.894,7851484,27645111.2,3580043825.27,1446775908.79
2018-03-29,'002504,*ST弘高,3.48,3.53,3.37,3.39,3.41,0.07,2.0528,2.4143,10008603,34490221.8,3569785820.04,1442630419.08
2018-03-28,'002504,*ST弘高,3.41,3.41,3.2,3.22,3.25,0.16,4.9231,2.8753,11919414,40323103.1,3497979783.43,1413611991.11
2018-03-27,'002504,*ST弘高,3.25,3.26,3.18,3.18,3.16,0.09,2.8481,0.9043,3748822,12094228.2,3333851699.75,1347284155.75
2018-03-26,'002504,*ST弘高,3.16,3.17,3.06,3.14,3.22,-0.06,-1.8634,1.2687,5259448,16334843.63,3241529652.68,1309974748.36
2018-03-23,'002504,*ST弘高,3.22,3.34,3.22,3.32,3.39,-0.17,-5.0147,1.5367,6370282,20775330.72,3303077684.06,1334847686.62
2018-03-22,'002504,*ST弘高,3.39,3.43,3.39,3.4,3.41,-0.02,-0.5865,0.8712,3611743,12285058.18,3477463772.97,1405321011.69
2018-03-21,'002504,*ST弘高,3.41,3.49,3.41,3.48,3.48,-0.07,-2.0115,0.9518,3945531,13625298.4,3497979783.43,1413611991.11
2018-03-20,'002504,*ST弘高,3.48,3.48,3.43,3.48,3.49,-0.01,-0.2865,0.8604,3566860,12324326.38,3569785820.04,1442630419.08
2018-03-19,'002504,*ST弘高,3.49,3.52,3.45,3.48,3.46,0.03,0.8671,0.7184,2978200,10410799.22,3580043825.27,1446775908.79
2018-03-16,'002504,*ST弘高,3.46,3.5,3.44,3.45,3.45,0.01,0.2899,0.798,3308100,11497285.0,3549269809.58,1434339439.66
2018-03-15,'002504,*ST弘高,3.45,3.58,3.43,3.53,3.53,-0.08,-2.2663,1.6009,6636592,23154268.8,3539011804.35,1430193949.95
2018-03-14,'002504,*ST弘高,3.53,3.65,3.51,3.6,3.6,-0.07,-1.9444,1.6947,7025555,25126914.27,3621075846.19,1463357867.63
2018-03-13,'002504,*ST弘高,3.6,3.68,3.47,3.49,3.51,0.09,2.5641,2.5527,10582229,37846160.27,3692881882.8,1492376295.6
2018-03-12,'002504,*ST弘高,3.51,3.53,3.41,3.46,3.47,0.04,1.1527,2.337,9688020,33443825.95,3600559835.73,1455066888.21
2018-03-09,'002504,*ST弘高,3.47,3.49,3.45,3.45,3.45,0.02,0.5797,1.2921,5356372,18596234.12,3559527814.81,1438484929.37
2018-03-08,'002504,*ST弘高,3.45,3.48,3.42,3.47,3.47,-0.02,-0.5764,0.8962,3715042,12791554.64,3539011804.35,1430193949.95
2018-03-07,'002504,*ST弘高,3.47,3.54,3.46,3.46,3.48,-0.01,-0.2874,1.1947,4952659,17333699.23,3559527814.81,1438484929.37
2018-03-06,'002504,*ST弘高,3.48,3.53,3.38,3.41,3.42,0.06,1.7544,1.5556,6448697,22404636.84,3569785820.04,1442630419.08
2018-03-05,'002504,*ST弘高,3.42,3.44,3.36,3.4,3.43,-0.01,-0.2915,1.2838,5321889,18061485.86,3508237788.66,1417757480.82
2018-03-02,'002504,*ST弘高,3.43,3.48,3.39,3.42,3.43,0.0,0.0,1.5024,6228061,21461718.93,3518495793.89,1421902970.53
2018-03-01,'002504,*ST弘高,3.43,3.45,3.3,3.32,3.35,0.08,2.3881,2.1241,8805310,30093128.12,3518495793.89,1421902970.53
2018-02-28,'002504,*ST弘高,3.35,3.36,3.27,3.3,3.34,0.01,0.2994,1.576,6533410,21788978.8,3436431752.05,1388739052.85
2018-02-27,'002504,*ST弘高,3.34,3.39,3.31,3.36,3.36,-0.02,-0.5952,1.7498,7253930,24223318.58,3426173746.82,1384593563.14
2018-02-26,'002504,*ST弘高,3.36,3.4,3.24,3.27,3.28,0.08,2.439,2.4095,9988752,33382677.16,3446689757.28,1392884542.56
2018-02-23,'002504,*ST弘高,3.28,3.37,3.22,3.28,3.22,0.06,1.8634,3.0264,12545723,41279331.47,3364625715.44,1359720624.88
2018-02-22,'002504,*ST弘高,3.22,3.22,3.08,3.09,3.07,0.15,4.886,1.4237,5901856,18685193.95,3303077684.06,1334847686.62
2018-02-14,'002504,*ST弘高,3.07,3.09,3.02,3.04,3.05,0.02,0.6557,1.0658,4418451,13529938.78,3149207605.61,1272665340.97
2018-02-13,'002504,*ST弘高,3.05,3.18,3.03,3.12,3.12,-0.07,-2.2436,1.8438,7643310,23806473.09,3128691595.15,1264374361.55
2018-02-12,'002504,*ST弘高,3.12,3.17,3.11,3.12,3.07,0.05,1.6287,1.894,7851430,24648173.75,3200497631.76,1293392789.52
2018-02-09,'002504,*ST弘高,3.07,3.19,3.07,3.15,3.23,-0.16,-4.9536,2.6662,11052724,34540041.76,3149207605.61,1272665340.97
2018-02-08,'002504,*ST弘高,3.23,3.3,3.08,3.1,3.16,0.07,2.2152,3.1392,13013518,41766243.32,3313335689.29,1338993176.33
2018-02-07,'002504,*ST弘高,3.16,3.41,3.16,3.4,3.33,-0.17,-5.1051,3.3574,13918070,44803747.41,3241529652.68,1309974748.36
2018-02-06,'002504,*ST弘高,3.33,3.45,3.33,3.33,3.5,-0.17,-4.8571,5.9843,24807752,83116796.88,3415915741.59,1380448073.43
2018-02-05,'002504,*ST弘高,3.5,3.5,3.5,3.5,3.68,-0.18,-4.8913,0.1841,763300,2671550.0,3590301830.5,1450921398.5
2018-02-02,'002504,*ST弘高,3.68,3.68,3.68,3.68,3.87,-0.19,-4.9096,0.1718,712100,2620528.0,3774945924.64,1525540213.28
2018-02-01,'002504,*ST弘高,3.87,3.87,3.87,3.87,4.07,-0.2,-4.914,0.1583,656100,2539107.0,3969848024.01,1604304517.77
2018-01-31,'002504,*ST弘高,4.07,4.07,4.07,4.07,4.28,-0.21,-4.9065,0.5714,2368900,9641423.0,4175008128.61,1687214311.97
2018-01-30,'002504,*ST弘高,4.28,4.38,4.22,4.27,4.3,-0.02,-0.4651,2.0632,8552793,36568109.12,4390426238.44,1774269595.88
2018-01-29,'002504,*ST弘高,4.3,4.58,4.3,4.5,4.53,-0.23,-5.0773,4.1587,17239758,75497931.57,4410942248.9,1782560575.3
2018-01-26,'002504,*ST弘高,4.53,4.65,4.52,4.63,4.63,-0.1,-2.1598,2.1407,8874407,40620394.24,4646876369.19,1877906838.63
2018-01-25,'002504,*ST弘高,4.63,4.73,4.62,4.64,4.66,-0.03,-0.6438,1.8009,7465801,34856092.38,4749456421.49,1919361735.73
2018-01-24,'002504,*ST弘高,4.66,4.67,4.59,4.61,4.67,-0.01,-0.2141,2.0291,8411790,38918381.2,4780230437.18,1931798204.86
2018-01-23,'002504,*ST弘高,4.67,4.81,4.65,4.65,4.6,0.07,1.5217,2.9944,12413091,58462040.81,4790488442.41,1935943694.57
2018-01-22,'002504,*ST弘高,4.6,4.62,4.52,4.55,4.57,0.03,0.6565,1.7132,7102231,32563707.54,4718682405.8,1906925266.6
2018-01-19,'002504,*ST弘高,4.57,4.68,4.55,4.66,4.63,-0.06,-1.2959,2.0889,8659516,39821116.96,4687908390.11,1894488797.47
2018-01-18,'002504,*ST弘高,4.63,4.7,4.52,4.55,4.56,0.07,1.5351,2.7223,11285322,52176444.67,4749456421.49,1919361735.73
2018-01-17,'002504,*ST弘高,4.56,4.72,4.5,4.7,4.74,-0.18,-3.7975,4.3778,18147971,83111855.66,4677650384.88,1890343307.76
2018-01-16,'002504,*ST弘高,4.74,4.79,4.56,4.63,4.73,0.01,0.2114,3.4495,14299843,66948638.42,4862294479.02,1964962122.54
2018-01-15,'002504,*ST弘高,4.73,5.12,4.73,5.0,4.96,-0.23,-4.6371,6.6549,27587702,136078035.76,4852036473.79,1960816632.83
2018-01-12,'002504,*ST弘高,4.96,4.96,4.69,4.72,4.72,0.24,5.0847,3.3362,13830016,67628817.88,5087970594.08,2056162896.16
2018-01-11,'002504,*ST弘高,4.72,4.94,4.72,4.93,4.97,-0.25,-5.0302,7.7793,32249059,153676540.54,4841778468.56,1956671143.12
2018-01-10,'002504,*ST弘高,4.97,5.13,4.96,5.1,5.12,-0.15,-2.9297,4.6188,19147050,96563498.07,5098228599.31,2060308385.87
2018-01-09,'002504,*ST弘高,5.12,5.25,5.09,5.18,5.22,-0.1,-1.9157,4.61,19110533,98599001.46,5252098677.76,2122490731.52
2018-01-08,'002504,*ST弘高,5.22,5.25,5.03,5.13,5.22,0.0,0.0,7.0073,29048607,149519976.84,5354678730.06,2163945628.62
2018-01-05,'002504,*ST弘高,5.22,5.42,5.22,5.42,5.49,-0.27,-4.918,9.8824,40967223,216839866.52,5354678730.06,2163945628.62
2018-01-04,'002504,*ST弘高,5.49,5.66,5.38,5.45,5.66,-0.17,-3.0035,18.0381,74776598,407402951.17,5631644871.27,2275873850.79
2018-01-03,'002504,*ST弘高,5.66,5.66,5.66,5.66,5.96,-0.3,-5.0336,0.8858,3671900,20782954.0,5806030960.18,2346347175.86
2018-01-02,'002504,*ST弘高,5.96,5.96,5.96,5.96,6.27,-0.31,-4.9442,0.177,733800,4373448.0,6113771117.08,2470711867.16
2017-12-29,'002504,*ST弘高,6.27,6.27,6.27,6.27,6.6,-0.33,-5.0,0.1539,637900,3999633.0,6431769279.21,2599222048.17
2017-12-28,'002504,*ST弘高,6.6,6.6,6.6,6.6,6.95,-0.35,-5.036,0.0469,194600,1284360.0,6770283451.8,2736023208.6
2017-12-27,'002504,*ST弘高,6.95,6.95,6.95,6.95,7.32,-0.37,-5.0546,0.0524,217200,1509540.0,7129313634.85,2881115348.45
2017-12-26,'002504,*ST弘高,0.0,0.0,0.0,0.0,7.32,None,None,0.0,0,0.0,7508859828.36,3034498467.72
2017-12-25,'002504,*ST弘高,0.0,0.0,0.0,0.0,7.32,None,None,0.0,0,0.0,7508859828.36,3034498467.72
2017-12-22,'002504,*ST弘高,0.0,0.0,0.0,0.0,7.32,None,None,0.0,0,0.0,7508859828.36,3034498467.72
2017-12-21,'002504,*ST弘高,0.0,0.0,0.0,0.0,7.32,None,None,0.0,0,0.0,7508859828.36,3034498467.72
2017-12-20,'002504,*ST弘高,0.0,0.0,0.0,0.0,7.32,None,None,0.0,0,0.0,7508859828.36,3034498467.72
2017-12-19,'002504,*ST弘高,0.0,0.0,0.0,0.0,7.32,None,None,0.0,0,0.0,7508859828.36,3034498467.72
2017-12-18,'002504,*ST弘高,0.0,0.0,0.0,0.0,7.32,None,None,0.0,0,0.0,7508859828.36,3034498467.72
2017-12-15,'002504,*ST弘高,0.0,0.0,0.0,0.0,7.32,None,None,0.0,0,0.0,7508859828.36,3034498467.72
2017-12-14,'002504,*ST弘高,0.0,0.0,0.0,0.0,7.32,None,None,0.0,0,0.0,7508859828.36,3034498467.72
2017-12-13,'002504,*ST弘高,0.0,0.0,0.0,0.0,7.32,None,None,0.0,0,0.0,7508859828.36,3034498467.72
2017-12-12,'002504,*ST弘高,0.0,0.0,0.0,0.0,7.32,None,None,0.0,0,0.0,7508859828.36,3034498467.72
2017-12-11,'002504,*ST弘高,0.0,0.0,0.0,0.0,7.32,None,None,0.0,0,0.0,7508859828.36,3034498467.72
2017-12-08,'002504,*ST弘高,0.0,0.0,0.0,0.0,7.32,None,None,0.0,0,0.0,7508859828.36,3034498467.72
2017-12-07,'002504,*ST弘高,0.0,0.0,0.0,0.0,7.32,None,None,0.0,0,0.0,7508859828.36,3034498467.72
2017-12-06,'002504,*ST弘高,0.0,0.0,0.0,0.0,7.32,None,None,0.0,0,0.0,7508859828.36,3034498467.72
2017-12-05,'002504,*ST弘高,0.0,0.0,0.0,0.0,7.32,None,None,0.0,0,0.0,7508859828.36,3034498467.72
2017-12-04,'002504,*ST弘高,0.0,0.0,0.0,0.0,7.32,None,None,0.0,0,0.0,7508859828.36,3034498467.72
2017-12-01,'002504,*ST弘高,0.0,0.0,0.0,0.0,7.32,None,None,0.0,0,0.0,7508859828.36,3034498467.72
2017-11-30,'002504,*ST弘高,0.0,0.0,0.0,0.0,7.32,None,None,0.0,0,0.0,7508859828.36,3034498467.72
2017-11-29,'002504,*ST弘高,0.0,0.0,0.0,0.0,7.32,None,None,0.0,0,0.0,7508859828.36,3034498467.72
2017-11-28,'002504,*ST弘高,0.0,0.0,0.0,0.0,7.32,None,None,0.0,0,0.0,7508859828.36,3034498467.72
2017-11-27,'002504,*ST弘高,0.0,0.0,0.0,0.0,7.32,None,None,0.0,0,0.0,7508859828.36,3034498467.72
2017-11-24,'002504,*ST弘高,0.0,0.0,0.0,0.0,7.32,None,None,0.0,0,0.0,7508859828.36,3034498467.72
2017-11-23,'002504,*ST弘高,0.0,0.0,0.0,0.0,7.32,None,None,0.0,0,0.0,7508859828.36,3034498467.72
2017-11-22,'002504,*ST弘高,0.0,0.0,0.0,0.0,7.32,None,None,0.0,0,0.0,7508859828.36,3034498467.72
2017-11-21,'002504,*ST弘高,0.0,0.0,0.0,0.0,7.32,None,None,0.0,0,0.0,7508859828.36,3034498467.72
2017-11-20,'002504,*ST弘高,0.0,0.0,0.0,0.0,7.32,None,None,0.0,0,0.0,7508859828.36,3034498467.72
2017-11-17,'002504,*ST弘高,0.0,0.0,0.0,0.0,7.32,None,None,0.0,0,0.0,7508859828.36,3034498467.72
2017-11-16,'002504,*ST弘高,0.0,0.0,0.0,0.0,7.32,None,None,0.0,0,0.0,7508859828.36,3034498467.72
2017-11-15,'002504,*ST弘高,0.0,0.0,0.0,0.0,7.32,None,None,0.0,0,0.0,7508859828.36,3034498467.72
2017-11-14,'002504,*ST弘高,0.0,0.0,0.0,0.0,7.32,None,None,0.0,0,0.0,7508859828.36,3034498467.72
2017-11-13,'002504,*ST弘高,0.0,0.0,0.0,0.0,7.32,None,None,0.0,0,0.0,7508859828.36,3034498467.72
2017-11-10,'002504,*ST弘高,0.0,0.0,0.0,0.0,7.32,None,None,0.0,0,0.0,7508859828.36,3034498467.72
2017-11-09,'002504,*ST弘高,0.0,0.0,0.0,0.0,7.32,None,None,0.0,0,0.0,7508859828.36,3034498467.72
2017-11-08,'002504,*ST弘高,0.0,0.0,0.0,0.0,7.32,None,None,0.0,0,0.0,7508859828.36,3034498467.72
2017-11-07,'002504,*ST弘高,0.0,0.0,0.0,0.0,7.32,None,None,0.0,0,0.0,7508859828.36,3034498467.72
2017-11-06,'002504,*ST弘高,0.0,0.0,0.0,0.0,7.32,None,None,0.0,0,0.0,7508859828.36,3034498467.72
2017-11-03,'002504,*ST弘高,0.0,0.0,0.0,0.0,7.32,None,None,0.0,0,0.0,7508859828.36,3034498467.72
2017-11-02,'002504,*ST弘高,0.0,0.0,0.0,0.0,7.32,None,None,0.0,0,0.0,7508859828.36,3034498467.72
2017-11-01,'002504,*ST弘高,0.0,0.0,0.0,0.0,7.32,None,None,0.0,0,0.0,7508859828.36,3034498467.72
2017-10-31,'002504,*ST弘高,7.32,7.32,7.32,7.32,7.7,-0.38,-4.9351,0.0324,134400,983808.0,7508859828.36,3034498467.72
2017-10-30,'002504,*ST弘高,7.7,7.7,7.7,7.7,8.1,-0.4,-4.9383,0.0592,245600,1891120.0,7898664027.1,3192027076.7
2017-10-27,'002504,*ST弘高,0.0,0.0,0.0,0.0,8.1,None,None,0.0,0,0.0,8308984236.3,3357846665.1
2017-10-26,'002504,*ST弘高,0.0,0.0,0.0,0.0,8.1,None,None,0.0,0,0.0,8308984236.3,3357846665.1
2017-10-25,'002504,*ST弘高,0.0,0.0,0.0,0.0,8.1,None,None,0.0,0,0.0,8308984236.3,3357846665.1
2017-10-24,'002504,*ST弘高,0.0,0.0,0.0,0.0,8.1,None,None,0.0,0,0.0,8308984236.3,3357846665.1
2017-10-23,'002504,*ST弘高,0.0,0.0,0.0,0.0,8.1,None,None,0.0,0,0.0,8308984236.3,3357846665.1
2017-10-20,'002504,*ST弘高,0.0,0.0,0.0,0.0,8.1,None,None,0.0,0,0.0,8308984236.3,3357846665.1
2017-10-19,'002504,*ST弘高,0.0,0.0,0.0,0.0,8.1,None,None,0.0,0,0.0,8308984236.3,3357846665.1
2017-10-18,'002504,*ST弘高,0.0,0.0,0.0,0.0,8.1,None,None,0.0,0,0.0,8308984236.3,3357846665.1
2017-10-17,'002504,*ST弘高,0.0,0.0,0.0,0.0,8.1,None,None,0.0,0,0.0,8308984236.3,3357846665.1
2017-10-16,'002504,*ST弘高,0.0,0.0,0.0,0.0,8.1,None,None,0.0,0,0.0,8308984236.3,3357846665.1
2017-10-13,'002504,*ST弘高,0.0,0.0,0.0,0.0,8.1,None,None,0.0,0,0.0,8308984236.3,3357846665.1
2017-10-12,'002504,*ST弘高,0.0,0.0,0.0,0.0,8.1,None,None,0.0,0,0.0,8308984236.3,3357846665.1
2017-10-11,'002504,*ST弘高,0.0,0.0,0.0,0.0,8.1,None,None,0.0,0,0.0,8308984236.3,3357846665.1
2017-10-10,'002504,*ST弘高,0.0,0.0,0.0,0.0,8.1,None,None,0.0,0,0.0,8308984236.3,3357846665.1
2017-10-09,'002504,*ST弘高,0.0,0.0,0.0,0.0,8.1,None,None,0.0,0,0.0,8308984236.3,3357846665.1
2017-09-29,'002504,*ST弘高,0.0,0.0,0.0,0.0,8.1,None,None,0.0,0,0.0,8308984236.3,3357846665.1
2017-09-28,'002504,*ST弘高,0.0,0.0,0.0,0.0,8.1,None,None,0.0,0,0.0,8308984236.3,3357846665.1
2017-09-27,'002504,*ST弘高,0.0,0.0,0.0,0.0,8.1,None,None,0.0,0,0.0,8308984236.3,3357846665.1
2017-09-26,'002504,*ST弘高,0.0,0.0,0.0,0.0,8.1,None,None,0.0,0,0.0,8308984236.3,3357846665.1
2017-09-25,'002504,*ST弘高,0.0,0.0,0.0,0.0,8.1,None,None,0.0,0,0.0,8308984236.3,3357846665.1
2017-09-22,'002504,*ST弘高,0.0,0.0,0.0,0.0,8.1,None,None,0.0,0,0.0,8308984236.3,3357846665.1
2017-09-21,'002504,*ST弘高,0.0,0.0,0.0,0.0,8.1,None,None,0.0,0,0.0,8308984236.3,3357846665.1
2017-09-20,'002504,*ST弘高,0.0,0.0,0.0,0.0,8.1,None,None,0.0,0,0.0,8308984236.3,3357846665.1
2017-09-19,'002504,*ST弘高,0.0,0.0,0.0,0.0,8.1,None,None,0.0,0,0.0,8308984236.3,3357846665.1
2017-09-18,'002504,*ST弘高,0.0,0.0,0.0,0.0,8.1,None,None,0.0,0,0.0,8308984236.3,3357846665.1
2017-09-15,'002504,*ST弘高,0.0,0.0,0.0,0.0,8.1,None,None,0.0,0,0.0,8308984236.3,3357846665.1
2017-09-14,'002504,*ST弘高,0.0,0.0,0.0,0.0,8.1,None,None,0.0,0,0.0,8308984236.3,3357846665.1
2017-09-13,'002504,*ST弘高,0.0,0.0,0.0,0.0,8.1,None,None,0.0,0,0.0,8308984236.3,3357846665.1
2017-09-12,'002504,*ST弘高,0.0,0.0,0.0,0.0,8.1,None,None,0.0,0,0.0,8308984236.3,3357846665.1
2017-09-11,'002504,*ST弘高,0.0,0.0,0.0,0.0,8.1,None,None,0.0,0,0.0,8308984236.3,3357846665.1
2017-09-08,'002504,*ST弘高,0.0,0.0,0.0,0.0,8.1,None,None,0.0,0,0.0,8308984236.3,3357846665.1
2017-09-07,'002504,*ST弘高,0.0,0.0,0.0,0.0,8.1,None,None,0.0,0,0.0,8308984236.3,3357846665.1
2017-09-06,'002504,*ST弘高,0.0,0.0,0.0,0.0,8.1,None,None,0.0,0,0.0,8308984236.3,3357846665.1
2017-09-05,'002504,*ST弘高,0.0,0.0,0.0,0.0,8.1,None,None,0.0,0,0.0,8308984236.3,3357846665.1
2017-09-04,'002504,*ST弘高,0.0,0.0,0.0,0.0,8.1,None,None,0.0,0,0.0,8308984236.3,3357846665.1
2017-09-01,'002504,*ST弘高,0.0,0.0,0.0,0.0,8.1,None,None,0.0,0,0.0,8308984236.3,3357846665.1
2017-08-31,'002504,*ST弘高,0.0,0.0,0.0,0.0,8.1,None,None,0.0,0,0.0,8308984236.3,3357846665.1
2017-08-30,'002504,*ST弘高,0.0,0.0,0.0,0.0,8.1,None,None,0.0,0,0.0,8308984236.3,3357846665.1
2017-08-29,'002504,*ST弘高,0.0,0.0,0.0,0.0,8.1,None,None,0.0,0,0.0,8308984236.3,3357846665.1
2017-08-28,'002504,*ST弘高,0.0,0.0,0.0,0.0,8.1,None,None,0.0,0,0.0,8308984236.3,3357846665.1
2017-08-25,'002504,*ST弘高,0.0,0.0,0.0,0.0,8.1,None,None,0.0,0,0.0,8308984236.3,3357846665.1
2017-08-24,'002504,*ST弘高,0.0,0.0,0.0,0.0,8.1,None,None,0.0,0,0.0,8308984236.3,3357846665.1
2017-08-23,'002504,*ST弘高,0.0,0.0,0.0,0.0,8.1,None,None,0.0,0,0.0,8308984236.3,3357846665.1
2017-08-22,'002504,*ST弘高,0.0,0.0,0.0,0.0,8.1,None,None,0.0,0,0.0,8308984236.3,3357846665.1
2017-08-21,'002504,*ST弘高,0.0,0.0,0.0,0.0,8.1,None,None,0.0,0,0.0,8308984236.3,3357846665.1
2017-08-18,'002504,*ST弘高,0.0,0.0,0.0,0.0,8.1,None,None,0.0,0,0.0,8308984236.3,3357846665.1
2017-08-17,'002504,*ST弘高,0.0,0.0,0.0,0.0,8.1,None,None,0.0,0,0.0,8308984236.3,3357846665.1
2017-08-16,'002504,*ST弘高,0.0,0.0,0.0,0.0,8.1,None,None,0.0,0,0.0,8308984236.3,3357846665.1
2017-08-15,'002504,*ST弘高,0.0,0.0,0.0,0.0,8.1,None,None,0.0,0,0.0,8308984236.3,3357846665.1
2017-08-14,'002504,*ST弘高,0.0,0.0,0.0,0.0,8.1,None,None,0.0,0,0.0,8308984236.3,3357846665.1
2017-08-11,'002504,*ST弘高,0.0,0.0,0.0,0.0,8.1,None,None,0.0,0,0.0,8308984236.3,3357846665.1
2017-08-10,'002504,*ST弘高,0.0,0.0,0.0,0.0,8.1,None,None,0.0,0,0.0,8308984236.3,3357846665.1
2017-08-09,'002504,*ST弘高,0.0,0.0,0.0,0.0,8.1,None,None,0.0,0,0.0,8308984236.3,3357846665.1
2017-08-08,'002504,*ST弘高,0.0,0.0,0.0,0.0,8.1,None,None,0.0,0,0.0,8308984236.3,3357846665.1
2017-08-07,'002504,*ST弘高,0.0,0.0,0.0,0.0,8.1,None,None,0.0,0,0.0,8308984236.3,3357846665.1
2017-08-04,'002504,*ST弘高,0.0,0.0,0.0,0.0,8.1,None,None,0.0,0,0.0,8308984236.3,3357846665.1
2017-08-03,'002504,*ST弘高,0.0,0.0,0.0,0.0,8.1,None,None,0.0,0,0.0,8308984236.3,3357846665.1
2017-08-02,'002504,*ST弘高,0.0,0.0,0.0,0.0,8.1,None,None,0.0,0,0.0,8308984236.3,3357846665.1
2017-08-01,'002504,*ST弘高,0.0,0.0,0.0,0.0,8.1,None,None,0.0,0,0.0,8308984236.3,3357846665.1
2017-07-31,'002504,*ST弘高,0.0,0.0,0.0,0.0,8.1,None,None,0.0,0,0.0,8308984236.3,3357846665.1
2017-07-28,'002504,*ST弘高,0.0,0.0,0.0,0.0,8.1,None,None,0.0,0,0.0,8308984236.3,3357846665.1
2017-07-27,'002504,*ST弘高,0.0,0.0,0.0,0.0,8.1,None,None,0.0,0,0.0,8308984236.3,3357846665.1
2017-07-26,'002504,*ST弘高,0.0,0.0,0.0,0.0,8.1,None,None,0.0,0,0.0,8308984236.3,3357846665.1
2017-07-25,'002504,*ST弘高,0.0,0.0,0.0,0.0,8.1,None,None,0.0,0,0.0,8308984236.3,3357846665.1
2017-07-24,'002504,*ST弘高,0.0,0.0,0.0,0.0,8.1,None,None,0.0,0,0.0,8308984236.3,3357846665.1
2017-07-21,'002504,*ST弘高,0.0,0.0,0.0,0.0,8.1,None,None,0.0,0,0.0,8308984236.3,3357846665.1
2017-07-20,'002504,*ST弘高,0.0,0.0,0.0,0.0,8.1,None,None,0.0,0,0.0,8308984236.3,3357846665.1
2017-07-19,'002504,*ST弘高,0.0,0.0,0.0,0.0,8.1,None,None,0.0,0,0.0,8308984236.3,3357846665.1
2017-07-18,'002504,*ST弘高,0.0,0.0,0.0,0.0,8.1,None,None,0.0,0,0.0,8308984236.3,3357846665.1
2017-07-17,'002504,*ST弘高,0.0,0.0,0.0,0.0,8.1,None,None,0.0,0,0.0,8308984236.3,3357846665.1
2017-07-14,'002504,*ST弘高,0.0,0.0,0.0,0.0,8.1,None,None,0.0,0,0.0,8308984236.3,3357846665.1
2017-07-13,'002504,*ST弘高,0.0,0.0,0.0,0.0,8.1,None,None,0.0,0,0.0,8308984236.3,3357846665.1
2017-07-12,'002504,*ST弘高,0.0,0.0,0.0,0.0,8.1,None,None,0.0,0,0.0,8308984236.3,3357846665.1
2017-07-11,'002504,*ST弘高,0.0,0.0,0.0,0.0,8.1,None,None,0.0,0,0.0,8308984236.3,3357846665.1
2017-07-10,'002504,*ST弘高,0.0,0.0,0.0,0.0,8.1,None,None,0.0,0,0.0,8308984236.3,3357846665.1
2017-07-07,'002504,*ST弘高,0.0,0.0,0.0,0.0,8.1,None,None,0.0,0,0.0,8308984236.3,3357846665.1
2017-07-06,'002504,*ST弘高,0.0,0.0,0.0,0.0,8.1,None,None,0.0,0,0.0,8308984236.3,3357846665.1
2017-07-05,'002504,*ST弘高,0.0,0.0,0.0,0.0,8.1,None,None,0.0,0,0.0,8308984236.3,3357846665.1
2017-07-04,'002504,*ST弘高,0.0,0.0,0.0,0.0,8.1,None,None,0.0,0,0.0,8308984236.3,3357846665.1
2017-07-03,'002504,*ST弘高,0.0,0.0,0.0,0.0,8.1,None,None,0.0,0,0.0,8308984236.3,3357846665.1
2017-06-30,'002504,*ST弘高,0.0,0.0,0.0,0.0,8.1,None,None,0.0,0,0.0,8308984236.3,3357846665.1
2017-06-29,'002504,*ST弘高,0.0,0.0,0.0,0.0,8.1,None,None,0.0,0,0.0,8308984236.3,3357846665.1
2017-06-28,'002504,*ST弘高,0.0,0.0,0.0,0.0,8.1,None,None,0.0,0,0.0,8308984236.3,3357846665.1
2017-06-27,'002504,*ST弘高,0.0,0.0,0.0,0.0,8.1,None,None,0.0,0,0.0,8308984236.3,3357846665.1
2017-06-26,'002504,*ST弘高,0.0,0.0,0.0,0.0,8.1,None,None,0.0,0,0.0,8308984236.3,3357846665.1
2017-06-23,'002504,*ST弘高,0.0,0.0,0.0,0.0,8.1,None,None,0.0,0,0.0,8308984236.3,3357846665.1
2017-06-22,'002504,*ST弘高,0.0,0.0,0.0,0.0,8.1,None,None,0.0,0,0.0,8308984236.3,3357846665.1
2017-06-21,'002504,*ST弘高,0.0,0.0,0.0,0.0,8.1,None,None,0.0,0,0.0,8308984236.3,3357846665.1
2017-06-20,'002504,*ST弘高,0.0,0.0,0.0,0.0,8.1,None,None,0.0,0,0.0,8308984236.3,3357846665.1
2017-06-19,'002504,*ST弘高,0.0,0.0,0.0,0.0,8.1,None,None,0.0,0,0.0,8308984236.3,3357846665.1
2017-06-16,'002504,*ST弘高,0.0,0.0,0.0,0.0,8.1,None,None,0.0,0,0.0,8308984236.3,3357846665.1
2017-06-15,'002504,*ST弘高,0.0,0.0,0.0,0.0,8.1,None,None,0.0,0,0.0,8308984236.3,3357846665.1
2017-06-14,'002504,*ST弘高,0.0,0.0,0.0,0.0,8.1,None,None,0.0,0,0.0,8308984236.3,3357846665.1
2017-06-13,'002504,*ST弘高,0.0,0.0,0.0,0.0,8.1,None,None,0.0,0,0.0,8308984236.3,3357846665.1
2017-06-12,'002504,*ST弘高,0.0,0.0,0.0,0.0,8.1,None,None,0.0,0,0.0,8308984236.3,3357846665.1
2017-06-09,'002504,*ST弘高,0.0,0.0,0.0,0.0,8.1,None,None,0.0,0,0.0,8308984236.3,3357846665.1
2017-06-08,'002504,*ST弘高,0.0,0.0,0.0,0.0,8.1,None,None,0.0,0,0.0,8308984236.3,3357846665.1
2017-06-07,'002504,*ST弘高,0.0,0.0,0.0,0.0,8.1,None,None,0.0,0,0.0,8308984236.3,3357846665.1
2017-06-06,'002504,*ST弘高,0.0,0.0,0.0,0.0,8.1,None,None,0.0,0,0.0,8308984236.3,3357846665.1
2017-06-05,'002504,*ST弘高,0.0,0.0,0.0,0.0,8.1,None,None,0.0,0,0.0,8308984236.3,3357846665.1
2017-06-02,'002504,*ST弘高,0.0,0.0,0.0,0.0,8.1,None,None,0.0,0,0.0,8308984236.3,3357846665.1
2017-06-01,'002504,*ST弘高,0.0,0.0,0.0,0.0,8.1,None,None,0.0,0,0.0,8308984236.3,3357846665.1
2017-05-31,'002504,*ST弘高,0.0,0.0,0.0,0.0,8.1,None,None,0.0,0,0.0,8308984236.3,3357846665.1
2017-05-26,'002504,*ST弘高,0.0,0.0,0.0,0.0,8.1,None,None,0.0,0,0.0,8308984236.3,3357846665.1
2017-05-25,'002504,*ST弘高,0.0,0.0,0.0,0.0,8.1,None,None,0.0,0,0.0,8308984236.3,3357846665.1
2017-05-24,'002504,*ST弘高,0.0,0.0,0.0,0.0,8.1,None,None,0.0,0,0.0,8308984236.3,3357846665.1
2017-05-23,'002504,*ST弘高,0.0,0.0,0.0,0.0,8.1,None,None,0.0,0,0.0,8308984236.3,3357846665.1
2017-05-22,'002504,*ST弘高,0.0,0.0,0.0,0.0,8.1,None,None,0.0,0,0.0,8308984236.3,3357846665.1
2017-05-19,'002504,*ST弘高,0.0,0.0,0.0,0.0,8.1,None,None,0.0,0,0.0,8308984236.3,3357846665.1
2017-05-18,'002504,*ST弘高,0.0,0.0,0.0,0.0,8.1,None,None,0.0,0,0.0,8308984236.3,3357846665.1
2017-05-17,'002504,*ST弘高,0.0,0.0,0.0,0.0,8.1,None,None,0.0,0,0.0,8308984236.3,3357846665.1
2017-05-16,'002504,*ST弘高,0.0,0.0,0.0,0.0,8.1,None,None,0.0,0,0.0,8308984236.3,3357846665.1
2017-05-15,'002504,*ST弘高,0.0,0.0,0.0,0.0,8.1,None,None,0.0,0,0.0,8308984236.3,3357846665.1
2017-05-12,'002504,*ST弘高,0.0,0.0,0.0,0.0,8.1,None,None,0.0,0,0.0,8308984236.3,3357846665.1
2017-05-11,'002504,*ST弘高,0.0,0.0,0.0,0.0,8.1,None,None,0.0,0,0.0,8308984236.3,3357846665.1
2017-05-10,'002504,*ST弘高,0.0,0.0,0.0,0.0,8.1,None,None,0.0,0,0.0,8308984236.3,3357846665.1
2017-05-09,'002504,*ST弘高,0.0,0.0,0.0,0.0,8.1,None,None,0.0,0,0.0,8308984236.3,3357846665.1
2017-05-08,'002504,*ST弘高,0.0,0.0,0.0,0.0,8.1,None,None,0.0,0,0.0,8308984236.3,3357846665.1
2017-05-05,'002504,*ST弘高,0.0,0.0,0.0,0.0,8.1,None,None,0.0,0,0.0,8308984236.3,3357846665.1
2017-05-04,'002504,*ST弘高,0.0,0.0,0.0,0.0,8.1,None,None,0.0,0,0.0,8308984236.3,3357846665.1
2017-05-03,'002504,*ST弘高,0.0,0.0,0.0,0.0,8.1,None,None,0.0,0,0.0,8308984236.3,3357846665.1
2017-05-02,'002504,弘高创意,0.0,0.0,0.0,0.0,8.1,None,None,0.0,0,0.0,8308984236.3,3357846665.1
2017-04-28,'002504,弘高创意,8.1,8.24,7.89,7.9,8.02,0.08,0.9975,5.6093,23253396,187599592.6,8308984236.3,3357846665.1
2017-04-27,'002504,弘高创意,8.02,8.29,7.44,7.57,7.54,0.48,6.366,9.9159,41106183,331318821.73,8226920194.46,3324682747.42
2017-04-26,'002504,弘高创意,7.54,7.58,7.38,7.42,7.43,0.11,1.4805,3.007,12465537,93297717.06,7734535943.42,3125699241.34
2017-04-25,'002504,弘高创意,7.43,7.61,7.3,7.34,7.29,0.14,1.9204,3.0924,12819509,95882433.63,7621697885.89,3080098854.53
2017-04-24,'002504,弘高创意,7.29,7.71,7.24,7.66,7.69,-0.4,-5.2016,3.0374,12591340,93862051.04,7478085812.67,3022061998.59
2017-04-21,'002504,弘高创意,7.69,7.83,7.65,7.75,7.69,0.0,0.0,2.6906,11154039,86074688.9,7888406021.87,3187881586.99
2017-04-20,'002504,弘高创意,7.69,8.0,7.63,7.96,7.95,-0.26,-3.2704,4.3463,18017544,140336093.03,7888406021.87,3187881586.99
2017-04-19,'002504,弘高创意,7.95,8.21,7.77,8.17,8.21,-0.26,-3.1669,5.1079,21174603,168195456.38,8155114157.85,3295664319.45
2017-04-18,'002504,弘高创意,8.21,8.52,8.2,8.38,8.47,-0.26,-3.0697,5.4051,22406775,187605655.59,8421822293.83,3403447051.91
2017-04-17,'002504,弘高创意,8.47,8.73,8.29,8.47,8.48,-0.01,-0.1179,5.9113,24505289,208739028.14,8688530429.81,3511229784.37
2017-04-14,'002504,弘高创意,8.48,8.79,8.38,8.78,8.78,-0.3,-3.4169,5.2003,21557688,184691826.0,8698788435.04,3515375274.08
2017-04-13,'002504,弘高创意,8.78,8.96,8.62,8.7,8.6,0.18,2.093,6.4815,26869064,236813155.2,9006528591.94,3639739965.38
2017-04-12,'002504,弘高创意,8.6,9.09,8.48,9.01,9.17,-0.57,-6.2159,9.5268,39493447,344384471.87,8821884497.8,3565121150.6
2017-04-11,'002504,弘高创意,9.17,9.49,9.02,9.09,9.18,-0.01,-0.1089,13.2878,55084349,507683394.29,9406590795.91,3801414064.07
2017-04-10,'002504,弘高创意,9.18,9.46,8.57,8.65,8.73,0.45,5.1546,16.1669,67019585,610489796.41,9416848801.14,3805559553.78
2017-04-07,'002504,弘高创意,8.73,8.95,8.12,8.3,8.33,0.4,4.8019,13.3494,55339702,474500825.7,8955238565.79,3619012516.83
2017-04-06,'002504,弘高创意,8.33,8.75,8.29,8.75,8.31,0.02,0.2407,12.857,53298386,452966572.17,8544918356.59,3453192928.43
2017-04-05,'002504,弘高创意,8.31,8.31,7.88,7.95,7.55,0.76,10.0662,7.8381,32492728,264827523.6,8524402346.13,3444901949.01
2017-03-31,'002504,弘高创意,7.55,7.62,7.52,7.54,7.53,0.02,0.2656,1.0097,4185771,31657942.03,7744793948.65,3129844731.05
2017-03-30,'002504,弘高创意,7.53,7.79,7.5,7.71,7.75,-0.22,-2.8387,2.2751,9431589,71792282.28,7724277938.19,3121553751.63
2017-03-29,'002504,弘高创意,7.75,7.91,7.75,7.86,7.87,-0.12,-1.5248,1.5589,6462283,50775855.94,7949954053.25,3212754525.25
2017-03-28,'002504,弘高创意,7.87,7.99,7.84,7.99,7.99,-0.12,-1.5019,1.9205,7961381,62852781.34,8073050116.01,3262500401.77
2017-03-27,'002504,弘高创意,7.99,8.09,7.97,8.08,8.05,-0.06,-0.7453,1.4653,6074551,48711402.15,8196146178.77,3312246278.29
2017-03-24,'002504,弘高创意,8.05,8.09,7.98,8.05,8.06,-0.01,-0.1241,2.1168,8775339,70426304.76,8257694210.15,3337119216.55
2017-03-23,'002504,弘高创意,8.06,8.06,7.86,7.94,7.93,0.13,1.6393,2.2353,9266545,73933562.7,8267952215.38,3341264706.26
2017-03-22,'002504,弘高创意,7.93,8.0,7.85,7.97,8.02,-0.09,-1.1222,1.6528,6851563,54250037.46,8134598147.39,3287373340.03
2017-03-21,'002504,弘高创意,8.02,8.08,7.91,7.94,7.96,0.06,0.7538,2.3045,9553283,76624932.68,8226920194.46,3324682747.42
2017-03-20,'002504,弘高创意,7.96,7.99,7.84,7.85,7.88,0.08,1.0152,1.2384,5133679,40672718.8,8165372163.08,3299809809.16
2017-03-17,'002504,弘高创意,7.88,8.05,7.87,8.0,8.0,-0.12,-1.5,2.1856,9060423,72281838.86,8083308121.24,3266645891.48
2017-03-16,'002504,弘高创意,8.0,8.04,7.89,7.89,7.88,0.12,1.5228,1.7607,7298980,58263979.98,8206404184.0,3316391768.0
2017-03-15,'002504,弘高创意,7.88,7.94,7.82,7.86,7.91,-0.03,-0.3793,1.0957,4542254,35754839.24,8083308121.24,3266645891.48
2017-03-14,'002504,弘高创意,7.91,8.03,7.89,8.01,8.02,-0.11,-1.3716,1.4595,6050424,48052533.84,8114082136.93,3279082360.61
2017-03-13,'002504,弘高创意,8.02,8.04,7.8,7.84,7.85,0.17,2.1656,1.6484,6833536,54174660.27,8226920194.46,3324682747.42
2017-03-10,'002504,弘高创意,7.85,7.92,7.81,7.81,7.87,-0.02,-0.2541,0.8662,3590860,28240366.65,8052534105.55,3254209422.35
2017-03-09,'002504,弘高创意,7.87,7.97,7.83,7.94,7.96,-0.09,-1.1307,1.7162,7114411,56123823.52,8073050116.01,3262500401.77
2017-03-08,'002504,弘高创意,7.96,8.05,7.93,8.05,8.05,-0.09,-1.118,1.8548,7689094,61495168.69,8165372163.08,3299809809.16
2017-03-07,'002504,弘高创意,8.05,8.1,8.01,8.08,8.08,-0.03,-0.3713,1.853,7681556,61811824.24,8257694210.15,3337119216.55
2017-03-06,'002504,弘高创意,8.08,8.11,8.02,8.05,8.05,0.03,0.3727,2.4213,10037440,80949948.68,8288468225.84,3349555685.68
2017-03-03,'002504,弘高创意,8.05,8.08,7.96,8.0,7.99,0.06,0.7509,1.4628,6063836,48624663.97,8257694210.15,3337119216.55
2017-03-02,'002504,弘高创意,7.99,8.22,7.99,8.15,8.16,-0.17,-2.0833,3.0826,12778926,103218524.82,8196146178.77,3312246278.29
2017-03-01,'002504,弘高创意,8.16,8.18,8.05,8.15,8.15,0.01,0.1227,3.0104,12479483,101566223.47,8370532267.68,3382719603.36
2017-02-28,'002504,弘高创意,8.15,8.23,7.92,7.93,7.84,0.31,3.9541,5.9331,24595552,200405444.69,8360274262.45,3378574113.65
2017-02-27,'002504,弘高创意,7.84,7.99,7.83,7.92,7.92,-0.08,-1.0101,1.6876,6996135,55471530.74,8042276100.32,3250063932.64
2017-02-24,'002504,弘高创意,7.92,7.92,7.82,7.85,7.83,0.09,1.1494,1.491,6180932,48690791.59,8124340142.16,3283227850.32
2017-02-23,'002504,弘高创意,7.83,7.91,7.78,7.9,7.91,-0.08,-1.0114,1.6031,6645707,52037429.15,8032018095.09,3245918442.93
2017-02-22,'002504,弘高创意,7.91,7.95,7.87,7.93,7.91,0.0,0.0,1.5005,6220384,49156885.15,8114082136.93,3279082360.61
2017-02-21,'002504,弘高创意,7.91,7.95,7.84,7.9,7.89,0.02,0.2535,1.7284,7165116,56599153.65,8114082136.93,3279082360.61
2017-02-20,'002504,弘高创意,7.89,7.92,7.73,7.81,7.77,0.12,1.5444,1.5932,6604776,51565426.96,8093566126.47,3270791381.19
2017-02-17,'002504,弘高创意,7.77,7.95,7.77,7.83,7.86,-0.09,-1.145,1.7528,7266078,57001221.51,7970470063.71,3221045504.67
2017-02-16,'002504,弘高创意,7.86,7.9,7.78,7.8,7.84,0.02,0.2551,1.8102,7504150,58815226.68,8062792110.78,3258354912.06
2017-02-15,'002504,弘高创意,7.84,8.0,7.79,7.96,8.0,-0.16,-2.0,2.6663,11053058,87264104.04,8042276100.32,3250063932.64
2017-02-14,'002504,弘高创意,8.0,8.16,7.93,8.15,8.2,-0.2,-2.439,4.7373,19638410,157483175.0,8206404184.0,3316391768.0
2017-02-13,'002504,弘高创意,8.2,8.25,7.85,7.88,7.95,0.25,3.1447,5.8262,24152527,195603949.96,8411564288.6,3399301562.2
2017-02-10,'002504,弘高创意,7.95,8.14,7.65,7.7,7.75,0.2,2.5806,5.3875,22333986,175985415.28,8155114157.85,3295664319.45
2017-02-09,'002504,弘高创意,7.75,7.77,7.5,7.51,7.51,0.24,3.1957,3.5023,14518705,111224957.06,7949954053.25,3212754525.25
2017-02-08,'002504,弘高创意,7.51,7.52,7.4,7.42,7.47,0.04,0.5355,1.3003,5390329,40279449.37,7703761927.73,3113262772.21
2017-02-07,'002504,弘高创意,7.47,7.54,7.4,7.54,7.55,-0.08,-1.0596,1.5751,6529522,48735480.64,7662729906.81,3096680813.37
2017-02-06,'002504,弘高创意,7.55,7.56,7.44,7.48,7.46,0.09,1.2064,1.5617,6474151,48602825.25,7744793948.65,3129844731.05
2017-02-03,'002504,弘高创意,7.46,7.62,7.41,7.62,7.63,-0.17,-2.228,2.1372,8859775,66316482.96,7652471901.58,3092535323.66
2017-01-26,'002504,弘高创意,7.63,7.64,7.34,7.38,7.3,0.33,4.5205,2.807,11636332,87496899.46,7826857990.49,3163008648.73
2017-01-25,'002504,弘高创意,7.3,7.33,7.26,7.26,7.3,0.0,0.0,0.9324,3865445,28232008.36,7488343817.9,3026207488.3
2017-01-24,'002504,弘高创意,7.3,7.34,7.23,7.34,7.33,-0.03,-0.4093,1.0767,4463476,32486113.97,7488343817.9,3026207488.3
2017-01-23,'002504,弘高创意,7.33,7.4,7.28,7.28,7.28,0.05,0.6868,1.2683,5257911,38562143.66,7519117833.59,3038643957.43
2017-01-20,'002504,弘高创意,7.28,7.34,7.12,7.18,7.16,0.12,1.676,1.5053,6240298,45296788.4,7467827807.44,3017916508.88
2017-01-19,'002504,弘高创意,7.16,7.22,7.14,7.19,7.23,-0.07,-0.9682,0.785,3254267,23369417.51,7344731744.68,2968170632.36
2017-01-18,'002504,弘高创意,7.23,7.29,7.13,7.22,7.22,0.01,0.1385,0.9524,3948369,28420013.28,7416537781.29,2997189060.33
2017-01-17,'002504,弘高创意,7.22,7.27,7.03,7.13,7.13,0.09,1.2623,1.329,5509358,39376658.43,7406279776.06,2993043570.62
2017-01-16,'002504,弘高创意,7.13,7.71,6.94,7.7,7.71,-0.58,-7.5227,3.2973,13668779,99747345.87,7313957728.99,2955734163.23
2017-01-13,'002504,弘高创意,7.71,7.96,7.66,7.87,7.89,-0.18,-2.2814,1.6025,6643048,51858411.4,7908922032.33,3196172566.41
2017-01-12,'002504,弘高创意,7.89,8.04,7.89,8.0,7.99,-0.1,-1.2516,1.2346,5118170,40690692.03,8093566126.47,3270791381.19
2017-01-11,'002504,弘高创意,7.99,8.21,7.99,8.2,8.21,-0.22,-2.6797,1.6211,6720128,54284092.15,8196146178.77,3312246278.29
2017-01-10,'002504,弘高创意,8.21,8.31,8.18,8.2,8.22,-0.01,-0.1217,1.346,5579650,45994666.11,8421822293.83,3403447051.91
2017-01-09,'002504,弘高创意,8.22,8.3,8.15,8.2,8.24,-0.02,-0.2427,1.9099,7917578,64976538.37,8432080299.06,3407592541.62
2017-01-06,'002504,弘高创意,8.24,8.32,8.15,8.28,8.28,-0.04,-0.4831,2.4518,10164007,83401081.49,8452596309.52,3415883521.04
2017-01-05,'002504,弘高创意,8.28,8.57,8.01,8.02,8.06,0.22,2.7295,4.2389,17572427,145534466.11,8493628330.44,3432465479.88
2017-01-04,'002504,弘高创意,8.06,8.07,7.93,8.02,8.0,0.06,0.75,1.4334,5942041,47601701.33,8267952215.38,3341264706.26
2017-01-03,'002504,弘高创意,8.0,8.03,7.92,7.92,7.91,0.09,1.1378,1.1364,4710891,37635245.59,8206404184.0,3316391768.0
